n	y[n]	INTEG(y[n])
0	10003	39
1	9964	77
2	9968	116
3	9929	155
4	9933	194
5	9894	233
6	9898	271
7	9860	310
8	9864	348
9	9825	387
10	9829	425
11	9791	463
12	9794	502
13	9756	540
14	9760	578
15	9722	616
16	9726	654
17	9688	692
18	9692	730
19	9654	767
20	9658	805
21	9620	843
22	9624	880
23	9586	918
24	9590	955
25	9553	992
26	9557	1030
27	9519	1067
28	9523	1104
29	9486	1141
30	9490	1178
31	9453	1215
32	9457	1252
33	9420	1289
34	9424	1326
35	9387	1362
36	9391	1399
37	9354	1436
38	9358	1472
39	9322	1509
40	9326	1545
41	9289	1581
42	9293	1618
43	9257	1654
44	9261	1690
45	9224	1726
46	9228	1762
47	9192	1798
48	9196	1834
49	9160	1870
50	9164	1905
51	9128	1941
52	9132	1977
53	9097	2012
54	9101	2048
55	9065	2083
56	9069	2119
57	9033	2154
58	9037	2189
59	9002	2224
60	9006	2260
61	8971	2295
62	8975	2330
63	8940	2365
64	8944	2400
65	8909	2434
66	8913	2469
67	8878	2504
68	8882	2539
69	8847	2573
70	8851	2608
71	8816	2642
72	8820	2677
73	8786	2711
74	8790	2745
75	8755	2779
76	8759	2814
77	8725	2848
78	8729	2882
79	8695	2916
80	8699	2950
81	8665	2984
82	8669	3017
83	8635	3051
84	8639	3085
85	8605	3119
86	8609	3152
87	8575	3186
88	8579	3219
89	8546	3253
90	8549	3286
91	8516	3319
92	8520	3353
93	8487	3386
94	8491	3419
95	8457	3452
96	8461	3485
97	8428	3518
98	8432	3551
99	8399	3584
100	8403	3616
101	8370	3649
102	8374	3682
103	8342	3714
104	8345	3747
105	8313	3779
106	8317	3812
107	8284	3844
108	8288	3877
109	8256	3909
110	8260	3941
111	8227	3973
112	8231	4006
113	8199	4038
114	8203	4070
115	8171	4101
116	8175	4133
117	8143	4165
118	8147	4197
119	8115	4229
120	8119	4260
121	8087	4292
122	8091	4324
123	8060	4355
124	8064	4387
125	8032	4418
126	8036	4449
127	8005	4481
128	8008	4512
129	7977	4543
130	7981	4574
131	7950	4605
132	7954	4636
133	7923	4667
134	7927	4698
135	7896	4729
136	7900	4760
137	7869	4791
138	7873	4822
139	7842	4852
140	7846	4883
141	7815	4913
142	7819	4944
143	7788	4974
144	7792	5005
145	7762	5035
146	7766	5065
147	7736	5096
148	7739	5126
149	7709	5156
150	7713	5186
151	7683	5216
152	7687	5246
153	7657	5276
154	7661	5306
155	7631	5336
156	7635	5366
157	7605	5395
158	7609	5425
159	7579	5455
160	7583	5484
161	7553	5514
162	7557	5543
163	7528	5573
164	7532	5602
165	7502	5631
166	7506	5661
167	7477	5690
168	7481	5719
169	7452	5748
170	7455	5777
171	7426	5806
172	7430	5835
173	7401	5864
174	7405	5893
175	7376	5922
176	7380	5951
177	7351	5980
178	7355	6008
179	7326	6037
180	7330	6066
181	7302	6094
182	7306	6123
183	7277	6151
184	7281	6180
185	7253	6208
186	7256	6236
187	7228	6264
188	7232	6293
189	7204	6321
190	7208	6349
191	7179	6377
192	7183	6405
193	7155	6433
194	7159	6461
195	7131	6489
196	7135	6517
197	7107	6544
198	7111	6572
199	7083	6600
200	7087	6628
201	7060	6655
202	7064	6683
203	7036	6710
204	7040	6738
205	7012	6765
206	7016	6793
207	6989	6820
208	6993	6847
209	6965	6874
210	6969	6902
211	6942	6929
212	6946	6956
213	6919	6983
214	6923	7010
215	6896	7037
216	6900	7064
217	6873	7091
218	6877	7118
219	6850	7144
220	6854	7171
221	6827	7198
222	6831	7224
223	6804	7251
224	6808	7278
225	6781	7304
226	6785	7331
227	6759	7357
228	6763	7383
229	6736	7410
230	6740	7436
231	6714	7462
232	6718	7489
233	6692	7515
234	6695	7541
235	6669	7567
236	6673	7593
237	6647	7619
238	6651	7645
239	6625	7671
240	6629	7697
241	6603	7722
242	6607	7748
243	6581	7774
244	6585	7800
245	6559	7825
246	6563	7851
247	6538	7876
248	6542	7902
249	6516	7927
250	6520	7953
251	6494	7978
252	6498	8004
253	6473	8029
254	6477	8054
255	6452	8079
256	6455	8105
257	6430	8130
258	6434	8155
259	6409	8180
260	6413	8205
261	6388	8230
262	6392	8255
263	6367	8280
264	6371	8305
265	6346	8330
266	6350	8354
267	6325	8379
268	6329	8404
269	6304	8428
270	6308	8453
271	6283	8478
272	6287	8502
273	6263	8527
274	6267	8551
275	6242	8575
276	6246	8600
277	6222	8624
278	6226	8648
279	6201	8673
280	6205	8697
281	6181	8721
282	6185	8745
283	6161	8769
284	6165	8793
285	6141	8817
286	6144	8841
287	6120	8865
288	6124	8889
289	6100	8913
290	6104	8937
291	6080	8961
292	6084	8984
293	6061	9008
294	6065	9032
295	6041	9055
296	6045	9079
297	6021	9102
298	6025	9126
299	6001	9149
300	6005	9173
301	5982	9196
302	5986	9220
303	5962	9243
304	5966	9266
305	5943	9289
306	5947	9313
307	5924	9336
308	5928	9359
309	5904	9382
310	5908	9405
311	5885	9428
312	5889	9451
313	5866	9474
314	5870	9497
315	5847	9520
316	5851	9543
317	5828	9565
318	5832	9588
319	5809	9611
320	5813	9634
321	5791	9656
322	5794	9679
323	5772	9701
324	5776	9724
325	5753	9746
326	5757	9769
327	5735	9791
328	5739	9814
329	5716	9836
330	5720	9858
331	5698	9881
332	5702	9903
333	5679	9925
334	5683	9947
335	5661	9969
336	5665	9992
337	5643	10014
338	5647	10036
339	5625	10058
340	5629	10080
341	5607	10102
342	5610	10123
343	5589	10145
344	5592	10167
345	5571	10189
346	5575	10211
347	5553	10232
348	5557	10254
349	5535	10276
350	5539	10297
351	5517	10319
352	5521	10340
353	5500	10362
354	5503	10383
355	5482	10405
356	5486	10426
357	5464	10448
358	5468	10469
359	5447	10490
360	5451	10512
361	5430	10533
362	5433	10554
363	5412	10575
364	5416	10596
365	5395	10617
366	5399	10638
367	5378	10659
368	5382	10680
369	5361	10701
370	5365	10722
371	5344	10743
372	5348	10764
373	5327	10785
374	5331	10806
375	5310	10827
376	5314	10847
377	5293	10868
378	5297	10889
379	5276	10909
380	5280	10930
381	5259	10950
382	5263	10971
383	5243	10991
384	5247	11012
385	5226	11032
386	5230	11053
387	5210	11073
388	5214	11094
389	5193	11114
390	5197	11134
391	5177	11154
392	5181	11175
393	5160	11195
394	5164	11215
395	5144	11235
396	5148	11255
397	5128	11275
398	5132	11295
399	5112	11315
400	5116	11335
401	5096	11355
402	5100	11375
403	5080	11395
404	5084	11415
405	5064	11434
406	5068	11454
407	5048	11474
408	5052	11494
409	5032	11513
410	5036	11533
411	5016	11553
412	5020	11572
413	5001	11592
414	5005	11611
415	4985	11631
416	4989	11650
417	4969	11670
418	4973	11689
419	4954	11708
420	4958	11728
421	4938	11747
422	4942	11766
423	4923	11786
424	4927	11805
425	4908	11824
426	4912	11843
427	4892	11862
428	4896	11881
429	4877	11901
430	4881	11920
431	4862	11939
432	4866	11958
433	4847	11977
434	4851	11995
435	4832	12014
436	4836	12033
437	4817	12052
438	4821	12071
439	4802	12090
440	4806	12108
441	4787	12127
442	4791	12146
443	4772	12164
444	4776	12183
445	4758	12202
446	4761	12220
447	4743	12239
448	4747	12257
449	4728	12276
450	4732	12294
451	4714	12313
452	4718	12331
453	4699	12350
454	4703	12368
455	4685	12386
456	4689	12405
457	4670	12423
458	4674	12441
459	4656	12459
460	4660	12477
461	4642	12496
462	4645	12514
463	4627	12532
464	4631	12550
465	4613	12568
466	4617	12586
467	4599	12604
468	4603	12622
469	4585	12640
470	4589	12658
471	4571	12676
472	4575	12693
473	4557	12711
474	4561	12729
475	4543	12747
476	4547	12765
477	4529	12782
478	4533	12800
479	4515	12818
480	4519	12835
481	4502	12853
482	4506	12870
483	4488	12888
484	4492	12906
485	4474	12923
486	4478	12940
487	4461	12958
488	4465	12975
489	4447	12993
490	4451	13010
491	4434	13027
492	4438	13045
493	4420	13062
494	4424	13079
495	4407	13097
496	4411	13114
497	4394	13131
498	4397	13148
499	4380	13165
500	4384	13182
501	4367	13199
502	4371	13216
503	4354	13233
504	4358	13250
505	4341	13267
506	4345	13284
507	4328	13301
508	4332	13318
509	4315	13335
510	4319	13352
511	4302	13369
512	4306	13386
513	4289	13402
514	4293	13419
515	4276	13436
516	4280	13453
517	4263	13469
518	4267	13486
519	4250	13502
520	4254	13519
521	4238	13536
522	4242	13552
523	4225	13569
524	4229	13585
525	4212	13602
526	4216	13618
527	4200	13635
528	4204	13651
529	4187	13667
530	4191	13684
531	4175	13700
532	4179	13716
533	4162	13733
534	4166	13749
535	4150	13765
536	4154	13781
537	4138	13797
538	4142	13814
539	4126	13830
540	4129	13846
541	4113	13862
542	4117	13878
543	4101	13894
544	4105	13910
545	4089	13926
546	4093	13942
547	4077	13958
548	4081	13974
549	4065	13990
550	4069	14006
551	4053	14022
552	4057	14037
553	4041	14053
554	4045	14069
555	4029	14085
556	4033	14100
557	4017	14116
558	4021	14132
559	4005	14148
560	4009	14163
561	3994	14179
562	3998	14194
563	3982	14210
564	3986	14226
565	3970	14241
566	3974	14257
567	3959	14272
568	3963	14287
569	3947	14303
570	3951	14318
571	3936	14334
572	3939	14349
573	3924	14364
574	3928	14380
575	3913	14395
576	3917	14410
577	3901	14426
578	3905	14441
579	3890	14456
580	3894	14471
581	3879	14486
582	3882	14502
583	3867	14517
584	3871	14532
585	3856	14547
586	3860	14562
587	3845	14577
588	3849	14592
589	3834	14607
590	3838	14622
591	3823	14637
592	3827	14652
593	3812	14667
594	3816	14682
595	3801	14696
596	3805	14711
597	3790	14726
598	3794	14741
599	3779	14756
600	3783	14771
601	3768	14785
602	3772	14800
603	3757	14815
604	3761	14829
605	3746	14844
606	3750	14859
607	3736	14873
608	3739	14888
609	3725	14902
610	3729	14917
611	3714	14931
612	3718	14946
613	3704	14960
614	3708	14975
615	3693	14989
616	3697	15004
617	3682	15018
618	3686	15033
619	3672	15047
620	3676	15061
621	3662	15076
622	3665	15090
623	3651	15104
624	3655	15118
625	3641	15133
626	3645	15147
627	3630	15161
628	3634	15175
629	3620	15189
630	3624	15204
631	3610	15218
632	3614	15232
633	3600	15246
634	3604	15260
635	3590	15274
636	3593	15288
637	3579	15302
638	3583	15316
639	3569	15330
640	3573	15344
641	3559	15358
642	3563	15372
643	3549	15386
644	3553	15399
645	3539	15413
646	3543	15427
647	3529	15441
648	3533	15455
649	3519	15468
650	3523	15482
651	3510	15496
652	3513	15510
653	3500	15523
654	3504	15537
655	3490	15551
656	3494	15564
657	3480	15578
658	3484	15591
659	3471	15605
660	3474	15619
661	3461	15632
662	3465	15646
663	3451	15659
664	3455	15673
665	3442	15686
666	3446	15700
667	3432	15713
668	3436	15726
669	3423	15740
670	3426	15753
671	3413	15766
672	3417	15780
673	3404	15793
674	3408	15806
675	3394	15820
676	3398	15833
677	3385	15846
678	3389	15859
679	3376	15873
680	3379	15886
681	3366	15899
682	3370	15912
683	3357	15925
684	3361	15938
685	3348	15951
686	3352	15965
687	3339	15978
688	3342	15991
689	3329	16004
690	3333	16017
691	3320	16030
692	3324	16043
693	3311	16056
694	3315	16068
695	3302	16081
696	3306	16094
697	3293	16107
698	3297	16120
699	3284	16133
700	3288	16146
701	3275	16158
702	3279	16171
703	3266	16184
704	3270	16197
705	3258	16210
706	3261	16222
707	3249	16235
708	3253	16248
709	3240	16260
710	3244	16273
711	3231	16286
712	3235	16298
713	3222	16311
714	3226	16323
715	3214	16336
716	3218	16349
717	3205	16361
718	3209	16374
719	3196	16386
720	3200	16399
721	3188	16411
722	3192	16424
723	3179	16436
724	3183	16448
725	3171	16461
726	3175	16473
727	3162	16486
728	3166	16498
729	3154	16510
730	3158	16523
731	3145	16535
732	3149	16547
733	3137	16559
734	3141	16572
735	3129	16584
736	3132	16596
737	3120	16608
738	3124	16621
739	3112	16633
740	3116	16645
741	3104	16657
742	3108	16669
743	3095	16681
744	3099	16693
745	3087	16705
746	3091	16717
747	3079	16729
748	3083	16742
749	3071	16754
750	3075	16766
751	3063	16777
752	3067	16789
753	3055	16801
754	3059	16813
755	3047	16825
756	3051	16837
757	3039	16849
758	3043	16861
759	3031	16873
760	3035	16885
761	3023	16896
762	3027	16908
763	3015	16920
764	3019	16932
765	3007	16944
766	3011	16955
767	2999	16967
768	3003	16979
769	2991	16990
770	2995	17002
771	2984	17014
772	2987	17025
773	2976	17037
774	2980	17049
775	2968	17060
776	2972	17072
777	2960	17084
778	2964	17095
779	2953	17107
780	2957	17118
781	2945	17130
782	2949	17141
783	2937	17153
784	2941	17164
785	2930	17176
786	2934	17187
787	2922	17198
788	2926	17210
789	2915	17221
790	2919	17233
791	2907	17244
792	2911	17255
793	2900	17267
794	2904	17278
795	2892	17289
796	2896	17301
797	2885	17312
798	2889	17323
799	2878	17335
800	2881	17346
801	2870	17357
802	2874	17368
803	2863	17379
804	2867	17391
805	2856	17402
806	2859	17413
807	2848	17424
808	2852	17435
809	2841	17446
810	2845	17457
811	2834	17468
812	2838	17480
813	2827	17491
814	2831	17502
815	2820	17513
816	2823	17524
817	2812	17535
818	2816	17546
819	2805	17557
820	2809	17568
821	2798	17579
822	2802	17589
823	2791	17600
824	2795	17611
825	2784	17622
826	2788	17633
827	2777	17644
828	2781	17655
829	2770	17666
830	2774	17676
831	2763	17687
832	2767	17698
833	2756	17709
834	2760	17720
835	2750	17730
836	2753	17741
837	2743	17752
838	2747	17763
839	2736	17773
840	2740	17784
841	2729	17795
842	2733	17805
843	2722	17816
844	2726	17827
845	2716	17837
846	2719	17848
847	2709	17858
848	2713	17869
849	2702	17879
850	2706	17890
851	2696	17901
852	2699	17911
853	2689	17922
854	2693	17932
855	2682	17943
856	2686	17953
857	2676	17964
858	2680	17974
859	2669	17984
860	2673	17995
861	2663	18005
862	2666	18016
863	2656	18026
864	2660	18036
865	2650	18047
866	2653	18057
867	2643	18068
868	2647	18078
869	2637	18088
870	2641	18098
871	2630	18109
872	2634	18119
873	2624	18129
874	2628	18140
875	2618	18150
876	2621	18160
877	2611	18170
878	2615	18180
879	2605	18191
880	2609	18201
881	2599	18211
882	2603	18221
883	2592	18231
884	2596	18241
885	2586	18252
886	2590	18262
887	2580	18272
888	2584	18282
889	2574	18292
890	2578	18302
891	2568	18312
892	2571	18322
893	2561	18332
894	2565	18342
895	2555	18352
896	2559	18362
897	2549	18372
898	2553	18382
899	2543	18392
900	2547	18402
901	2537	18412
902	2541	18422
903	2531	18432
904	2535	18441
905	2525	18451
906	2529	18461
907	2519	18471
908	2523	18481
909	2513	18491
910	2517	18501
911	2507	18510
912	2511	18520
913	2501	18530
914	2505	18540
915	2495	18549
916	2499	18559
917	2490	18569
918	2494	18579
919	2484	18588
920	2488	18598
921	2478	18608
922	2482	18617
923	2472	18627
924	2476	18637
925	2466	18646
926	2470	18656
927	2461	18666
928	2465	18675
929	2455	18685
930	2459	18694
931	2449	18704
932	2453	18714
933	2444	18723
934	2447	18733
935	2438	18742
936	2442	18752
937	2432	18761
938	2436	18771
939	2427	18780
940	2431	18790
941	2421	18799
942	2425	18809
943	2416	18818
944	2419	18828
945	2410	18837
946	2414	18846
947	2404	18856
948	2408	18865
949	2399	18875
950	2403	18884
951	2393	18893
952	2397	18903
953	2388	18912
954	2392	18921
955	2383	18931
956	2386	18940
957	2377	18949
958	2381	18959
959	2372	18968
960	2376	18977
961	2366	18986
962	2370	18996
963	2361	19005
964	2365	19014
965	2356	19023
966	2360	19033
967	2350	19042
968	2354	19051
969	2345	19060
970	2349	19069
971	2340	19078
972	2344	19088
973	2335	19097
974	2338	19106
975	2329	19115
976	2333	19124
977	2324	19133
978	2328	19142
979	2319	19151
980	2323	19160
981	2314	19169
982	2318	19178
983	2309	19187
984	2313	19196
985	2304	19205
986	2307	19214
987	2298	19223
988	2302	19232
989	2293	19241
990	2297	19250
991	2288	19259
992	2292	19268
993	2283	19277
994	2287	19286
995	2278	19295
996	2282	19304
997	2273	19313
998	2277	19322
999	2268	19331
1000	2272	19339
1001	2263	19348
1002	2267	19357
1003	2258	19366
1004	2262	19375
1005	2253	19384
1006	2257	19392
1007	2248	19401
1008	2252	19410
1009	2244	19419
1010	2247	19428
1011	2239	19436
1012	2243	19445
1013	2234	19454
1014	2238	19463
1015	2229	19471
1016	2233	19480
1017	2224	19489
1018	2228	19497
1019	2219	19506
1020	2223	19515
1021	2215	19523
1022	2218	19532
1023	2210	19541
1024	2214	19549
1025	2205	19558
1026	2209	19567
1027	2200	19575
1028	2204	19584
1029	2196	19592
1030	2200	19601
1031	2191	19609
1032	2195	19618
1033	2186	19627
1034	2190	19635
1035	2182	19644
1036	2186	19652
1037	2177	19661
1038	2181	19669
1039	2172	19678
1040	2176	19686
1041	2168	19695
1042	2172	19703
1043	2163	19712
1044	2167	19720
1045	2159	19728
1046	2163	19737
1047	2154	19745
1048	2158	19754
1049	2150	19762
1050	2154	19771
1051	2145	19779
1052	2149	19787
1053	2141	19796
1054	2145	19804
1055	2136	19812
1056	2140	19821
1057	2132	19829
1058	2136	19837
1059	2127	19846
1060	2131	19854
1061	2123	19862
1062	2127	19871
1063	2118	19879
1064	2122	19887
1065	2114	19896
1066	2118	19904
1067	2110	19912
1068	2114	19920
1069	2105	19929
1070	2109	19937
1071	2101	19945
1072	2105	19953
1073	2097	19961
1074	2101	19970
1075	2092	19978
1076	2096	19986
1077	2088	19994
1078	2092	20002
1079	2084	20010
1080	2088	20019
1081	2080	20027
1082	2083	20035
1083	2075	20043
1084	2079	20051
1085	2071	20059
1086	2075	20067
1087	2067	20075
1088	2071	20083
1089	2063	20091
1090	2067	20100
1091	2059	20108
1092	2062	20116
1093	2054	20124
1094	2058	20132
1095	2050	20140
1096	2054	20148
1097	2046	20156
1098	2050	20164
1099	2042	20172
1100	2046	20180
1101	2038	20188
1102	2042	20196
1103	2034	20204
1104	2038	20212
1105	2030	20220
1106	2034	20227
1107	2026	20235
1108	2030	20243
1109	2022	20251
1110	2026	20259
1111	2018	20267
1112	2022	20275
1113	2014	20283
1114	2018	20291
1115	2010	20298
1116	2014	20306
1117	2006	20314
1118	2010	20322
1119	2002	20330
1120	2006	20338
1121	1998	20346
1122	2002	20353
1123	1994	20361
1124	1998	20369
1125	1990	20377
1126	1994	20384
1127	1986	20392
1128	1990	20400
1129	1982	20408
1130	1986	20416
1131	1979	20423
1132	1982	20431
1133	1975	20439
1134	1979	20446
1135	1971	20454
1136	1975	20462
1137	1967	20470
1138	1971	20477
1139	1963	20485
1140	1967	20493
1141	1960	20500
1142	1963	20508
1143	1956	20516
1144	1960	20523
1145	1952	20531
1146	1956	20538
1147	1948	20546
1148	1952	20554
1149	1945	20561
1150	1948	20569
1151	1941	20576
1152	1945	20584
1153	1937	20592
1154	1941	20599
1155	1934	20607
1156	1937	20614
1157	1930	20622
1158	1934	20629
1159	1926	20637
1160	1930	20645
1161	1923	20652
1162	1926	20660
1163	1919	20667
1164	1923	20675
1165	1915	20682
1166	1919	20690
1167	1912	20697
1168	1916	20704
1169	1908	20712
1170	1912	20719
1171	1905	20727
1172	1909	20734
1173	1901	20742
1174	1905	20749
1175	1898	20757
1176	1901	20764
1177	1894	20771
1178	1898	20779
1179	1891	20786
1180	1894	20794
1181	1887	20801
1182	1891	20808
1183	1884	20816
1184	1887	20823
1185	1880	20830
1186	1884	20838
1187	1877	20845
1188	1881	20852
1189	1873	20860
1190	1877	20867
1191	1870	20874
1192	1874	20882
1193	1866	20889
1194	1870	20896
1195	1863	20904
1196	1867	20911
1197	1860	20918
1198	1863	20925
1199	1856	20933
1200	1860	20940
1201	1853	20947
1202	1857	20954
1203	1849	20962
1204	1853	20969
1205	1846	20976
1206	1850	20983
1207	1843	20991
1208	1847	20998
1209	1840	21005
1210	1843	21012
1211	1836	21019
1212	1840	21027
1213	1833	21034
1214	1837	21041
1215	1830	21048
1216	1834	21055
1217	1826	21062
1218	1830	21069
1219	1823	21077
1220	1827	21084
1221	1820	21091
1222	1824	21098
1223	1817	21105
1224	1821	21112
1225	1814	21119
1226	1817	21126
1227	1810	21133
1228	1814	21140
1229	1807	21148
1230	1811	21155
1231	1804	21162
1232	1808	21169
1233	1801	21176
1234	1805	21183
1235	1798	21190
1236	1802	21197
1237	1795	21204
1238	1798	21211
1239	1791	21218
1240	1795	21225
1241	1788	21232
1242	1792	21239
1243	1785	21246
1244	1789	21253
1245	1782	21260
1246	1786	21267
1247	1779	21274
1248	1783	21281
1249	1776	21288
1250	1780	21295
1251	1773	21302
1252	1777	21308
1253	1770	21315
1254	1774	21322
1255	1767	21329
1256	1771	21336
1257	1764	21343
1258	1768	21350
1259	1761	21357
1260	1765	21364
1261	1758	21371
1262	1762	21377
1263	1755	21384
1264	1759	21391
1265	1752	21398
1266	1756	21405
1267	1749	21412
1268	1753	21419
1269	1746	21425
1270	1750	21432
1271	1743	21439
1272	1747	21446
1273	1740	21453
1274	1744	21459
1275	1737	21466
1276	1741	21473
1277	1734	21480
1278	1738	21487
1279	1732	21493
1280	1735	21500
1281	1729	21507
1282	1733	21514
1283	1726	21520
1284	1730	21527
1285	1723	21534
1286	1727	21541
1287	1720	21547
1288	1724	21554
1289	1717	21561
1290	1721	21568
1291	1714	21574
1292	1718	21581
1293	1712	21588
1294	1716	21594
1295	1709	21601
1296	1713	21608
1297	1706	21614
1298	1710	21621
1299	1703	21628
1300	1707	21634
1301	1701	21641
1302	1704	21648
1303	1698	21654
1304	1702	21661
1305	1695	21668
1306	1699	21674
1307	1692	21681
1308	1696	21687
1309	1690	21694
1310	1694	21701
1311	1687	21707
1312	1691	21714
1313	1684	21720
1314	1688	21727
1315	1682	21734
1316	1685	21740
1317	1679	21747
1318	1683	21753
1319	1676	21760
1320	1680	21766
1321	1674	21773
1322	1677	21780
1323	1671	21786
1324	1675	21793
1325	1668	21799
1326	1672	21806
1327	1666	21812
1328	1670	21819
1329	1663	21825
1330	1667	21832
1331	1660	21838
1332	1664	21845
1333	1658	21851
1334	1662	21858
1335	1655	21864
1336	1659	21871
1337	1653	21877
1338	1657	21884
1339	1650	21890
1340	1654	21896
1341	1647	21903
1342	1651	21909
1343	1645	21916
1344	1649	21922
1345	1642	21929
1346	1646	21935
1347	1640	21941
1348	1644	21948
1349	1637	21954
1350	1641	21961
1351	1635	21967
1352	1639	21973
1353	1632	21980
1354	1636	21986
1355	1630	21993
1356	1634	21999
1357	1627	22005
1358	1631	22012
1359	1625	22018
1360	1629	22024
1361	1622	22031
1362	1626	22037
1363	1620	22043
1364	1624	22050
1365	1618	22056
1366	1622	22062
1367	1615	22069
1368	1619	22075
1369	1613	22081
1370	1617	22088
1371	1610	22094
1372	1614	22100
1373	1608	22107
1374	1612	22113
1375	1606	22119
1376	1609	22125
1377	1603	22132
1378	1607	22138
1379	1601	22144
1380	1605	22150
1381	1598	22157
1382	1602	22163
1383	1596	22169
1384	1600	22175
1385	1594	22182
1386	1598	22188
1387	1591	22194
1388	1595	22200
1389	1589	22207
1390	1593	22213
1391	1587	22219
1392	1591	22225
1393	1584	22231
1394	1588	22238
1395	1582	22244
1396	1586	22250
1397	1580	22256
1398	1584	22262
1399	1578	22268
1400	1582	22275
1401	1575	22281
1402	1579	22287
1403	1573	22293
1404	1577	22299
1405	1571	22305
1406	1575	22312
1407	1569	22318
1408	1572	22324
1409	1566	22330
1410	1570	22336
1411	1564	22342
1412	1568	22348
1413	1562	22354
1414	1566	22361
1415	1560	22367
1416	1564	22373
1417	1557	22379
1418	1561	22385
1419	1555	22391
1420	1559	22397
1421	1553	22403
1422	1557	22409
1423	1551	22415
1424	1555	22421
1425	1549	22427
1426	1553	22433
1427	1547	22440
1428	1551	22446
1429	1544	22452
1430	1548	22458
1431	1542	22464
1432	1546	22470
1433	1540	22476
1434	1544	22482
1435	1538	22488
1436	1542	22494
1437	1536	22500
1438	1540	22506
1439	1534	22512
1440	1538	22518
1441	1532	22524
1442	1536	22530
1443	1530	22536
1444	1534	22542
1445	1528	22548
1446	1531	22554
1447	1525	22560
1448	1529	22566
1449	1523	22572
1450	1527	22578
1451	1521	22584
1452	1525	22589
1453	1519	22595
1454	1523	22601
1455	1517	22607
1456	1521	22613
1457	1515	22619
1458	1519	22625
1459	1513	22631
1460	1517	22637
1461	1511	22643
1462	1515	22649
1463	1509	22655
1464	1513	22661
1465	1507	22666
1466	1511	22672
1467	1505	22678
1468	1509	22684
1469	1503	22690
1470	1507	22696
1471	1501	22702
1472	1505	22708
1473	1499	22713
1474	1503	22719
1475	1497	22725
1476	1501	22731
1477	1495	22737
1478	1499	22743
1479	1493	22749
1480	1497	22754
1481	1491	22760
1482	1495	22766
1483	1489	22772
1484	1493	22778
1485	1488	22784
1486	1491	22789
1487	1486	22795
1488	1490	22801
1489	1484	22807
1490	1488	22813
1491	1482	22818
1492	1486	22824
1493	1480	22830
1494	1484	22836
1495	1478	22842
1496	1482	22847
1497	1476	22853
1498	1480	22859
1499	1474	22865
1500	1478	22870
1501	1472	22876
1502	1476	22882
1503	1471	22888
1504	1474	22893
1505	1469	22899
1506	1473	22905
1507	1467	22911
1508	1471	22916
1509	1465	22922
1510	1469	22928
1511	1463	22934
1512	1467	22939
1513	1461	22945
1514	1465	22951
1515	1460	22956
1516	1463	22962
1517	1458	22968
1518	1462	22974
1519	1456	22979
1520	1460	22985
1521	1454	22991
1522	1458	22996
1523	1452	23002
1524	1456	23008
1525	1451	23013
1526	1454	23019
1527	1449	23025
1528	1453	23030
1529	1447	23036
1530	1451	23042
1531	1445	23047
1532	1449	23053
1533	1443	23059
1534	1447	23064
1535	1442	23070
1536	1446	23076
1537	1440	23081
1538	1444	23087
1539	1438	23092
1540	1442	23098
1541	1437	23104
1542	1440	23109
1543	1435	23115
1544	1439	23121
1545	1433	23126
1546	1437	23132
1547	1431	23137
1548	1435	23143
1549	1430	23149
1550	1434	23154
1551	1428	23160
1552	1432	23165
1553	1426	23171
1554	1430	23176
1555	1425	23182
1556	1429	23188
1557	1423	23193
1558	1427	23199
1559	1421	23204
1560	1425	23210
1561	1420	23215
1562	1424	23221
1563	1418	23227
1564	1422	23232
1565	1416	23238
1566	1420	23243
1567	1415	23249
1568	1419	23254
1569	1413	23260
1570	1417	23265
1571	1411	23271
1572	1415	23276
1573	1410	23282
1574	1414	23287
1575	1408	23293
1576	1412	23298
1577	1407	23304
1578	1410	23309
1579	1405	23315
1580	1409	23320
1581	1403	23326
1582	1407	23331
1583	1402	23337
1584	1406	23342
1585	1400	23348
1586	1404	23353
1587	1399	23359
1588	1403	23364
1589	1397	23370
1590	1401	23375
1591	1395	23381
1592	1399	23386
1593	1394	23391
1594	1398	23397
1595	1392	23402
1596	1396	23408
1597	1391	23413
1598	1395	23419
1599	1389	23424
1600	1393	23430
1601	1388	23435
1602	1392	23440
1603	1386	23446
1604	1390	23451
1605	1385	23457
1606	1389	23462
1607	1383	23468
1608	1387	23473
1609	1382	23478
1610	1386	23484
1611	1380	23489
1612	1384	23495
1613	1379	23500
1614	1383	23505
1615	1377	23511
1616	1381	23516
1617	1376	23521
1618	1380	23527
1619	1374	23532
1620	1378	23538
1621	1373	23543
1622	1377	23548
1623	1371	23554
1624	1375	23559
1625	1370	23564
1626	1374	23570
1627	1368	23575
1628	1372	23581
1629	1367	23586
1630	1371	23591
1631	1365	23597
1632	1369	23602
1633	1364	23607
1634	1368	23613
1635	1363	23618
1636	1366	23623
1637	1361	23629
1638	1365	23634
1639	1360	23639
1640	1364	23645
1641	1358	23650
1642	1362	23655
1643	1357	23660
1644	1361	23666
1645	1355	23671
1646	1359	23676
1647	1354	23682
1648	1358	23687
1649	1353	23692
1650	1357	23698
1651	1351	23703
1652	1355	23708
1653	1350	23713
1654	1354	23719
1655	1348	23724
1656	1352	23729
1657	1347	23734
1658	1351	23740
1659	1346	23745
1660	1350	23750
1661	1344	23756
1662	1348	23761
1663	1343	23766
1664	1347	23771
1665	1342	23777
1666	1346	23782
1667	1340	23787
1668	1344	23792
1669	1339	23798
1670	1343	23803
1671	1338	23808
1672	1341	23813
1673	1336	23818
1674	1340	23824
1675	1335	23829
1676	1339	23834
1677	1334	23839
1678	1338	23845
1679	1332	23850
1680	1336	23855
1681	1331	23860
1682	1335	23865
1683	1330	23871
1684	1334	23876
1685	1328	23881
1686	1332	23886
1687	1327	23891
1688	1331	23897
1689	1326	23902
1690	1330	23907
1691	1324	23912
1692	1328	23917
1693	1323	23922
1694	1327	23928
1695	1322	23933
1696	1326	23938
1697	1321	23943
1698	1325	23948
1699	1319	23954
1700	1323	23959
1701	1318	23964
1702	1322	23969
1703	1317	23974
1704	1321	23979
1705	1316	23984
1706	1320	23990
1707	1314	23995
1708	1318	24000
1709	1313	24005
1710	1317	24010
1711	1312	24015
1712	1316	24020
1713	1311	24026
1714	1315	24031
1715	1309	24036
1716	1313	24041
1717	1308	24046
1718	1312	24051
1719	1307	24056
1720	1311	24061
1721	1306	24066
1722	1310	24072
1723	1305	24077
1724	1308	24082
1725	1303	24087
1726	1307	24092
1727	1302	24097
1728	1306	24102
1729	1301	24107
1730	1305	24112
1731	1300	24117
1732	1304	24123
1733	1299	24128
1734	1302	24133
1735	1297	24138
1736	1301	24143
1737	1296	24148
1738	1300	24153
1739	1295	24158
1740	1299	24163
1741	1294	24168
1742	1298	24173
1743	1293	24178
1744	1297	24183
1745	1292	24188
1746	1295	24193
1747	1290	24198
1748	1294	24204
1749	1289	24209
1750	1293	24214
1751	1288	24219
1752	1292	24224
1753	1287	24229
1754	1291	24234
1755	1286	24239
1756	1290	24244
1757	1285	24249
1758	1289	24254
1759	1284	24259
1760	1287	24264
1761	1282	24269
1762	1286	24274
1763	1281	24279
1764	1285	24284
1765	1280	24289
1766	1284	24294
1767	1279	24299
1768	1283	24304
1769	1278	24309
1770	1282	24314
1771	1277	24319
1772	1281	24324
1773	1276	24329
1774	1280	24334
1775	1275	24339
1776	1279	24344
1777	1274	24349
1778	1278	24354
1779	1273	24359
1780	1276	24364
1781	1271	24369
1782	1275	24374
1783	1270	24379
1784	1274	24384
1785	1269	24389
1786	1273	24394
1787	1268	24399
1788	1272	24404
1789	1267	24409
1790	1271	24414
1791	1266	24418
1792	1270	24423
1793	1265	24428
1794	1269	24433
1795	1264	24438
1796	1268	24443
1797	1263	24448
1798	1267	24453
1799	1262	24458
1800	1266	24463
1801	1261	24468
1802	1265	24473
1803	1260	24478
1804	1264	24483
1805	1259	24488
1806	1263	24493
1807	1258	24497
1808	1262	24502
1809	1257	24507
1810	1261	24512
1811	1256	24517
1812	1260	24522
1813	1255	24527
1814	1259	24532
1815	1254	24537
1816	1258	24542
1817	1253	24547
1818	1257	24552
1819	1252	24556
1820	1256	24561
1821	1251	24566
1822	1255	24571
1823	1250	24576
1824	1254	24581
1825	1249	24586
1826	1253	24591
1827	1248	24596
1828	1252	24600
1829	1247	24605
1830	1251	24610
1831	1246	24615
1832	1250	24620
1833	1245	24625
1834	1249	24630
1835	1244	24635
1836	1248	24639
1837	1243	24644
1838	1247	24649
1839	1242	24654
1840	1246	24659
1841	1241	24664
1842	1245	24669
1843	1240	24673
1844	1244	24678
1845	1239	24683
1846	1243	24688
1847	1238	24693
1848	1242	24698
1849	1237	24702
1850	1241	24707
1851	1236	24712
1852	1240	24717
1853	1235	24722
1854	1239	24727
1855	1234	24731
1856	1238	24736
1857	1233	24741
1858	1237	24746
1859	1232	24751
1860	1236	24756
1861	1232	24760
1862	1235	24765
1863	1231	24770
1864	1235	24775
1865	1230	24780
1866	1234	24785
1867	1229	24789
1868	1233	24794
1869	1228	24799
1870	1232	24804
1871	1227	24809
1872	1231	24813
1873	1226	24818
1874	1230	24823
1875	1225	24828
1876	1229	24833
1877	1224	24837
1878	1228	24842
1879	1223	24847
1880	1227	24852
1881	1222	24856
1882	1226	24861
1883	1222	24866
1884	1226	24871
1885	1221	24876
1886	1225	24880
1887	1220	24885
1888	1224	24890
1889	1219	24895
1890	1223	24899
1891	1218	24904
1892	1222	24909
1893	1217	24914
1894	1221	24918
1895	1216	24923
1896	1220	24928
1897	1216	24933
1898	1219	24938
1899	1215	24942
1900	1219	24947
1901	1214	24952
1902	1218	24957
1903	1213	24961
1904	1217	24966
1905	1212	24971
1906	1216	24976
1907	1211	24980
1908	1215	24985
1909	1210	24990
1910	1214	24994
1911	1210	24999
1912	1213	25004
1913	1209	25009
1914	1213	25013
1915	1208	25018
1916	1212	25023
1917	1207	25028
1918	1211	25032
1919	1206	25037
1920	1210	25042
1921	1205	25046
1922	1209	25051
1923	1205	25056
1924	1209	25061
1925	1204	25065
1926	1208	25070
1927	1203	25075
1928	1207	25079
1929	1202	25084
1930	1206	25089
1931	1201	25094
1932	1205	25098
1933	1201	25103
1934	1204	25108
1935	1200	25112
1936	1204	25117
1937	1199	25122
1938	1203	25126
1939	1198	25131
1940	1202	25136
1941	1197	25140
1942	1201	25145
1943	1197	25150
1944	1201	25154
1945	1196	25159
1946	1195	25164
1947	1195	25168
1948	1195	25173
1949	1194	25178
1950	1194	25182
1951	1193	25187
1952	1193	25192
1953	1193	25196
1954	1192	25201
1955	1192	25206
1956	1192	25210
1957	1191	25215
1958	1191	25220
1959	1190	25224
1960	1190	25229
1961	1190	25234
1962	1189	25238
1963	1189	25243
1964	1188	25248
1965	1188	25252
1966	1188	25257
1967	1187	25262
1968	1187	25266
1969	1186	25271
1970	1186	25275
1971	1186	25280
1972	1185	25285
1973	1185	25289
1974	1185	25294
1975	1184	25299
1976	1184	25303
1977	1183	25308
1978	1183	25312
1979	1183	25317
1980	1182	25322
1981	1182	25326
1982	1181	25331
1983	1181	25336
1984	1181	25340
1985	1180	25345
1986	1180	25349
1987	1179	25354
1988	1179	25359
1989	1179	25363
1990	1178	25368
1991	1178	25372
1992	1177	25377
1993	1177	25382
1994	1177	25386
1995	1176	25391
1996	1176	25395
1997	1176	25400
1998	1175	25405
1999	1175	25409
2000	1174	25414
2001	1174	25418
2002	1174	25423
2003	1173	25427
2004	1173	25432
2005	1172	25437
2006	1172	25441
2007	1172	25446
2008	1171	25450
2009	1171	25455
2010	1170	25460
2011	1170	25464
2012	1170	25469
2013	1169	25473
2014	1169	25478
2015	1168	25482
2016	1168	25487
2017	1168	25491
2018	1167	25496
2019	1167	25501
2020	1167	25505
2021	1166	25510
2022	1166	25514
2023	1165	25519
2024	1165	25523
2025	1165	25528
2026	1164	25532
2027	1164	25537
2028	1163	25542
2029	1163	25546
2030	1163	25551
2031	1162	25555
2032	1162	25560
2033	1161	25564
2034	1161	25569
2035	1161	25573
2036	1160	25578
2037	1160	25582
2038	1160	25587
2039	1159	25591
2040	1159	25596
2041	1158	25600
2042	1158	25605
2043	1158	25610
2044	1157	25614
2045	1157	25619
2046	1156	25623
2047	1156	25628
2048	1156	25632
2049	1155	25637
2050	1155	25641
2051	1154	25646
2052	1154	25650
2053	1154	25655
2054	1153	25659
2055	1153	25664
2056	1152	25668
2057	1152	25673
2058	1152	25677
2059	1151	25682
2060	1151	25686
2061	1151	25691
2062	1150	25695
2063	1150	25700
2064	1149	25704
2065	1149	25709
2066	1149	25713
2067	1148	25718
2068	1148	25722
2069	1147	25727
2070	1147	25731
2071	1147	25736
2072	1146	25740
2073	1146	25744
2074	1145	25749
2075	1145	25753
2076	1145	25758
2077	1144	25762
2078	1144	25767
2079	1143	25771
2080	1143	25776
2081	1143	25780
2082	1142	25785
2083	1142	25789
2084	1142	25794
2085	1141	25798
2086	1141	25803
2087	1140	25807
2088	1140	25811
2089	1140	25816
2090	1139	25820
2091	1139	25825
2092	1138	25829
2093	1138	25834
2094	1138	25838
2095	1137	25843
2096	1137	25847
2097	1136	25851
2098	1136	25856
2099	1136	25860
2100	1135	25865
2101	1135	25869
2102	1135	25874
2103	1134	25878
2104	1134	25882
2105	1133	25887
2106	1133	25891
2107	1133	25896
2108	1132	25900
2109	1132	25905
2110	1131	25909
2111	1131	25913
2112	1131	25918
2113	1130	25922
2114	1130	25927
2115	1129	25931
2116	1129	25935
2117	1129	25940
2118	1128	25944
2119	1128	25949
2120	1127	25953
2121	1127	25958
2122	1127	25962
2123	1126	25966
2124	1126	25971
2125	1126	25975
2126	1125	25980
2127	1125	25984
2128	1124	25988
2129	1124	25993
2130	1124	25997
2131	1123	26001
2132	1123	26006
2133	1122	26010
2134	1122	26015
2135	1122	26019
2136	1121	26023
2137	1121	26028
2138	1120	26032
2139	1120	26037
2140	1120	26041
2141	1119	26045
2142	1119	26050
2143	1118	26054
2144	1118	26058
2145	1118	26063
2146	1117	26067
2147	1117	26071
2148	1117	26076
2149	1116	26080
2150	1116	26085
2151	1115	26089
2152	1115	26093
2153	1115	26098
2154	1114	26102
2155	1114	26106
2156	1113	26111
2157	1113	26115
2158	1113	26119
2159	1112	26124
2160	1112	26128
2161	1111	26132
2162	1111	26137
2163	1111	26141
2164	1110	26145
2165	1110	26150
2166	1110	26154
2167	1109	26158
2168	1109	26163
2169	1108	26167
2170	1108	26171
2171	1108	26176
2172	1107	26180
2173	1107	26184
2174	1106	26189
2175	1106	26193
2176	1106	26197
2177	1105	26202
2178	1105	26206
2179	1104	26210
2180	1104	26215
2181	1104	26219
2182	1103	26223
2183	1103	26228
2184	1102	26232
2185	1102	26236
2186	1102	26240
2187	1101	26245
2188	1101	26249
2189	1101	26253
2190	1100	26258
2191	1100	26262
2192	1099	26266
2193	1099	26271
2194	1099	26275
2195	1098	26279
2196	1098	26283
2197	1097	26288
2198	1097	26292
2199	1097	26296
2200	1096	26301
2201	1096	26305
2202	1095	26309
2203	1095	26313
2204	1095	26318
2205	1094	26322
2206	1094	26326
2207	1093	26330
2208	1093	26335
2209	1093	26339
2210	1092	26343
2211	1092	26348
2212	1092	26352
2213	1091	26356
2214	1091	26360
2215	1090	26365
2216	1090	26369
2217	1090	26373
2218	1089	26377
2219	1089	26382
2220	1088	26386
2221	1088	26390
2222	1088	26394
2223	1087	26399
2224	1087	26403
2225	1086	26407
2226	1086	26411
2227	1086	26416
2228	1085	26420
2229	1085	26424
2230	1085	26428
2231	1084	26433
2232	1084	26437
2233	1083	26441
2234	1083	26445
2235	1083	26449
2236	1082	26454
2237	1082	26458
2238	1081	26462
2239	1081	26466
2240	1081	26471
2241	1080	26475
2242	1080	26479
2243	1079	26483
2244	1079	26487
2245	1079	26492
2246	1078	26496
2247	1078	26500
2248	1077	26504
2249	1077	26508
2250	1077	26513
2251	1076	26517
2252	1076	26521
2253	1076	26525
2254	1075	26529
2255	1075	26534
2256	1074	26538
2257	1074	26542
2258	1074	26546
2259	1073	26550
2260	1073	26555
2261	1072	26559
2262	1072	26563
2263	1072	26567
2264	1071	26571
2265	1071	26576
2266	1070	26580
2267	1070	26584
2268	1070	26588
2269	1069	26592
2270	1069	26596
2271	1068	26601
2272	1068	26605
2273	1068	26609
2274	1067	26613
2275	1067	26617
2276	1067	26621
2277	1066	26626
2278	1066	26630
2279	1065	26634
2280	1065	26638
2281	1065	26642
2282	1064	26646
2283	1064	26651
2284	1063	26655
2285	1063	26659
2286	1063	26663
2287	1062	26667
2288	1062	26671
2289	1061	26676
2290	1061	26680
2291	1061	26684
2292	1060	26688
2293	1060	26692
2294	1060	26696
2295	1059	26700
2296	1059	26704
2297	1058	26709
2298	1058	26713
2299	1058	26717
2300	1057	26721
2301	1057	26725
2302	1056	26729
2303	1056	26733
2304	1056	26738
2305	1055	26742
2306	1055	26746
2307	1054	26750
2308	1054	26754
2309	1054	26758
2310	1053	26762
2311	1053	26766
2312	1052	26770
2313	1052	26775
2314	1052	26779
2315	1051	26783
2316	1051	26787
2317	1051	26791
2318	1050	26795
2319	1050	26799
2320	1049	26803
2321	1049	26807
2322	1049	26811
2323	1048	26816
2324	1048	26820
2325	1047	26824
2326	1047	26828
2327	1047	26832
2328	1046	26836
2329	1046	26840
2330	1045	26844
2331	1045	26848
2332	1045	26852
2333	1044	26856
2334	1044	26861
2335	1043	26865
2336	1043	26869
2337	1043	26873
2338	1042	26877
2339	1042	26881
2340	1042	26885
2341	1041	26889
2342	1041	26893
2343	1040	26897
2344	1040	26901
2345	1040	26905
2346	1039	26909
2347	1039	26913
2348	1038	26917
2349	1038	26922
2350	1038	26926
2351	1037	26930
2352	1037	26934
2353	1036	26938
2354	1036	26942
2355	1036	26946
2356	1035	26950
2357	1035	26954
2358	1035	26958
2359	1034	26962
2360	1034	26966
2361	1033	26970
2362	1033	26974
2363	1033	26978
2364	1032	26982
2365	1032	26986
2366	1031	26990
2367	1031	26994
2368	1031	26998
2369	1030	27002
2370	1030	27006
2371	1029	27010
2372	1029	27014
2373	1029	27018
2374	1028	27022
2375	1028	27026
2376	1027	27030
2377	1027	27034
2378	1027	27038
2379	1026	27042
2380	1026	27046
2381	1026	27050
2382	1025	27054
2383	1025	27058
2384	1024	27062
2385	1024	27066
2386	1024	27070
2387	1023	27074
2388	1023	27078
2389	1022	27082
2390	1022	27086
2391	1022	27090
2392	1021	27094
2393	1021	27098
2394	1020	27102
2395	1020	27106
2396	1020	27110
2397	1019	27114
2398	1019	27118
2399	1018	27122
2400	1018	27126
2401	1018	27130
2402	1017	27134
2403	1017	27138
2404	1017	27142
2405	1016	27146
2406	1016	27150
2407	1015	27154
2408	1015	27158
2409	1015	27162
2410	1014	27166
2411	1014	27170
2412	1013	27174
2413	1013	27178
2414	1013	27182
2415	1012	27186
2416	1012	27190
2417	1011	27194
2418	1011	27198
2419	1011	27202
2420	1010	27205
2421	1010	27209
2422	1010	27213
2423	1009	27217
2424	1009	27221
2425	1008	27225
2426	1008	27229
2427	1008	27233
2428	1007	27237
2429	1007	27241
2430	1006	27245
2431	1006	27249
2432	1006	27253
2433	1005	27257
2434	1005	27261
2435	1004	27265
2436	1004	27268
2437	1004	27272
2438	1003	27276
2439	1003	27280
2440	1002	27284
2441	1002	27288
2442	1002	27292
2443	1001	27296
2444	1001	27300
2445	1001	27304
2446	1000	27308
2447	1000	27311
2448	999	27315
2449	999	27319
2450	999	27323
2451	998	27327
2452	998	27331
2453	997	27335
2454	997	27339
2455	997	27343
2456	996	27347
2457	996	27350
2458	995	27354
2459	995	27358
2460	995	27362
2461	994	27366
2462	994	27370
2463	993	27374
2464	993	27378
2465	993	27382
2466	992	27385
2467	992	27389
2468	992	27393
2469	991	27397
2470	991	27401
2471	990	27405
2472	990	27409
2473	990	27412
2474	989	27416
2475	989	27420
2476	988	27424
2477	988	27428
2478	988	27432
2479	987	27436
2480	987	27439
2481	986	27443
2482	986	27447
2483	986	27451
2484	985	27455
2485	985	27459
2486	985	27463
2487	984	27466
2488	984	27470
2489	983	27474
2490	983	27478
2491	983	27482
2492	982	27486
2493	982	27489
2494	981	27493
2495	981	27497
2496	981	27501
2497	980	27505
2498	980	27509
2499	979	27512
2500	979	27516
2501	979	27520
2502	978	27524
2503	978	27528
2504	977	27532
2505	977	27535
2506	977	27539
2507	976	27543
2508	976	27547
2509	976	27551
2510	975	27554
2511	975	27558
2512	974	27562
2513	974	27566
2514	974	27570
2515	973	27573
2516	973	27577
2517	972	27581
2518	972	27585
2519	972	27589
2520	971	27592
2521	971	27596
2522	970	27600
2523	970	27604
2524	970	27608
2525	969	27611
2526	969	27615
2527	968	27619
2528	968	27623
2529	968	27627
2530	967	27630
2531	967	27634
2532	967	27638
2533	966	27642
2534	966	27645
2535	965	27649
2536	965	27653
2537	965	27657
2538	964	27660
2539	964	27664
2540	963	27668
2541	963	27672
2542	963	27676
2543	962	27679
2544	962	27683
2545	961	27687
2546	961	27691
2547	961	27694
2548	960	27698
2549	960	27702
2550	960	27706
2551	959	27709
2552	959	27713
2553	958	27717
2554	958	27721
2555	958	27724
2556	957	27728
2557	957	27732
2558	956	27735
2559	956	27739
2560	956	27743
2561	955	27747
2562	955	27750
2563	954	27754
2564	954	27758
2565	954	27762
2566	953	27765
2567	953	27769
2568	952	27773
2569	952	27776
2570	952	27780
2571	951	27784
2572	951	27788
2573	951	27791
2574	950	27795
2575	950	27799
2576	949	27802
2577	949	27806
2578	949	27810
2579	948	27814
2580	948	27817
2581	947	27821
2582	947	27825
2583	947	27828
2584	946	27832
2585	946	27836
2586	945	27839
2587	945	27843
2588	945	27847
2589	944	27851
2590	944	27854
2591	943	27858
2592	943	27862
2593	943	27865
2594	942	27869
2595	942	27873
2596	942	27876
2597	941	27880
2598	941	27884
2599	940	27887
2600	940	27891
2601	940	27895
2602	939	27898
2603	939	27902
2604	938	27906
2605	938	27909
2606	938	27913
2607	937	27917
2608	937	27920
2609	936	27924
2610	936	27928
2611	936	27931
2612	935	27935
2613	935	27939
2614	935	27942
2615	934	27946
2616	934	27950
2617	933	27953
2618	933	27957
2619	933	27960
2620	932	27964
2621	932	27968
2622	931	27971
2623	931	27975
2624	931	27979
2625	930	27982
2626	930	27986
2627	929	27990
2628	929	27993
2629	929	27997
2630	928	28000
2631	928	28004
2632	927	28008
2633	927	28011
2634	927	28015
2635	926	28019
2636	926	28022
2637	926	28026
2638	925	28029
2639	925	28033
2640	924	28037
2641	924	28040
2642	924	28044
2643	923	28047
2644	923	28051
2645	922	28055
2646	922	28058
2647	922	28062
2648	921	28065
2649	921	28069
2650	920	28073
2651	920	28076
2652	920	28080
2653	919	28083
2654	919	28087
2655	918	28091
2656	918	28094
2657	918	28098
2658	917	28101
2659	917	28105
2660	917	28109
2661	916	28112
2662	916	28116
2663	915	28119
2664	915	28123
2665	915	28126
2666	914	28130
2667	914	28134
2668	913	28137
2669	913	28141
2670	913	28144
2671	912	28148
2672	912	28151
2673	911	28155
2674	911	28158
2675	911	28162
2676	910	28166
2677	910	28169
2678	910	28173
2679	909	28176
2680	909	28180
2681	908	28183
2682	908	28187
2683	908	28190
2684	907	28194
2685	907	28198
2686	906	28201
2687	906	28205
2688	906	28208
2689	905	28212
2690	905	28215
2691	904	28219
2692	904	28222
2693	904	28226
2694	903	28229
2695	903	28233
2696	902	28236
2697	902	28240
2698	902	28243
2699	901	28247
2700	901	28250
2701	901	28254
2702	900	28258
2703	900	28261
2704	899	28265
2705	899	28268
2706	899	28272
2707	898	28275
2708	898	28279
2709	897	28282
2710	897	28286
2711	897	28289
2712	896	28293
2713	896	28296
2714	895	28300
2715	895	28303
2716	895	28307
2717	894	28310
2718	894	28314
2719	893	28317
2720	893	28321
2721	893	28324
2722	892	28328
2723	892	28331
2724	892	28334
2725	891	28338
2726	891	28341
2727	890	28345
2728	890	28348
2729	890	28352
2730	889	28355
2731	889	28359
2732	888	28362
2733	888	28366
2734	888	28369
2735	887	28373
2736	887	28376
2737	886	28380
2738	886	28383
2739	886	28387
2740	885	28390
2741	885	28393
2742	885	28397
2743	884	28400
2744	884	28404
2745	883	28407
2746	883	28411
2747	883	28414
2748	882	28418
2749	882	28421
2750	881	28424
2751	881	28428
2752	881	28431
2753	880	28435
2754	880	28438
2755	879	28442
2756	879	28445
2757	879	28449
2758	878	28452
2759	878	28455
2760	877	28459
2761	877	28462
2762	877	28466
2763	876	28469
2764	876	28473
2765	876	28476
2766	875	28479
2767	875	28483
2768	874	28486
2769	874	28490
2770	874	28493
2771	873	28496
2772	873	28500
2773	872	28503
2774	872	28507
2775	872	28510
2776	871	28513
2777	871	28517
2778	870	28520
2779	870	28524
2780	870	28527
2781	869	28530
2782	869	28534
2783	868	28537
2784	868	28541
2785	868	28544
2786	867	28547
2787	867	28551
2788	867	28554
2789	866	28558
2790	866	28561
2791	865	28564
2792	865	28568
2793	865	28571
2794	864	28574
2795	864	28578
2796	863	28581
2797	863	28585
2798	863	28588
2799	862	28591
2800	862	28595
2801	861	28598
2802	861	28601
2803	861	28605
2804	860	28608
2805	860	28611
2806	860	28615
2807	859	28618
2808	859	28622
2809	858	28625
2810	858	28628
2811	858	28632
2812	857	28635
2813	857	28638
2814	856	28642
2815	856	28645
2816	856	28648
2817	855	28652
2818	855	28655
2819	854	28658
2820	854	28662
2821	854	28665
2822	853	28668
2823	853	28672
2824	852	28675
2825	852	28678
2826	852	28682
2827	851	28685
2828	851	28688
2829	851	28692
2830	850	28695
2831	850	28698
2832	849	28702
2833	849	28705
2834	849	28708
2835	848	28712
2836	848	28715
2837	847	28718
2838	847	28721
2839	847	28725
2840	846	28728
2841	846	28731
2842	845	28735
2843	845	28738
2844	845	28741
2845	844	28745
2846	844	28748
2847	843	28751
2848	843	28754
2849	843	28758
2850	842	28761
2851	842	28764
2852	842	28768
2853	841	28771
2854	841	28774
2855	840	28777
2856	840	28781
2857	840	28784
2858	839	28787
2859	839	28791
2860	838	28794
2861	838	28797
2862	838	28800
2863	837	28804
2864	837	28807
2865	836	28810
2866	836	28814
2867	836	28817
2868	835	28820
2869	835	28823
2870	835	28827
2871	834	28830
2872	834	28833
2873	833	28836
2874	833	28840
2875	833	28843
2876	832	28846
2877	832	28849
2878	831	28853
2879	831	28856
2880	831	28859
2881	830	28862
2882	830	28866
2883	829	28869
2884	829	28872
2885	829	28875
2886	828	28879
2887	828	28882
2888	827	28885
2889	827	28888
2890	827	28891
2891	826	28895
2892	826	28898
2893	826	28901
2894	825	28904
2895	825	28908
2896	824	28911
2897	824	28914
2898	824	28917
2899	823	28920
2900	823	28924
2901	822	28927
2902	822	28930
2903	822	28933
2904	821	28936
2905	821	28940
2906	820	28943
2907	820	28946
2908	820	28949
2909	819	28952
2910	819	28956
2911	818	28959
2912	818	28962
2913	818	28965
2914	817	28968
2915	817	28972
2916	817	28975
2917	816	28978
2918	816	28981
2919	815	28984
2920	815	28988
2921	815	28991
2922	814	28994
2923	814	28997
2924	813	29000
2925	813	29003
2926	813	29007
2927	812	29010
2928	812	29013
2929	811	29016
2930	811	29019
2931	811	29023
2932	810	29026
2933	810	29029
2934	810	29032
2935	809	29035
2936	809	29038
2937	808	29041
2938	808	29045
2939	808	29048
2940	807	29051
2941	807	29054
2942	806	29057
2943	806	29060
2944	806	29064
2945	805	29067
2946	805	29070
2947	804	29073
2948	804	29076
2949	804	29079
2950	803	29082
2951	803	29086
2952	802	29089
2953	802	29092
2954	802	29095
2955	801	29098
2956	801	29101
2957	801	29104
2958	800	29107
2959	800	29111
2960	799	29114
2961	799	29117
2962	799	29120
2963	798	29123
2964	798	29126
2965	797	29129
2966	797	29132
2967	797	29136
2968	796	29139
2969	796	29142
2970	795	29145
2971	795	29148
2972	795	29151
2973	794	29154
2974	794	29157
2975	793	29160
2976	793	29163
2977	793	29167
2978	792	29170
2979	792	29173
2980	792	29176
2981	791	29179
2982	791	29182
2983	790	29185
2984	790	29188
2985	790	29191
2986	789	29194
2987	789	29197
2988	788	29200
2989	788	29204
2990	788	29207
2991	787	29210
2992	787	29213
2993	786	29216
2994	786	29219
2995	786	29222
2996	785	29225
2997	785	29228
2998	785	29231
2999	784	29234
3000	784	29237
3001	783	29240
3002	783	29243
3003	783	29247
3004	782	29250
3005	782	29253
3006	781	29256
3007	781	29259
3008	781	29262
3009	780	29265
3010	780	29268
3011	779	29271
3012	779	29274
3013	779	29277
3014	778	29280
3015	778	29283
3016	777	29286
3017	777	29289
3018	777	29292
3019	776	29295
3020	776	29298
3021	776	29301
3022	775	29304
3023	775	29307
3024	774	29310
3025	774	29313
3026	774	29316
3027	773	29319
3028	773	29322
3029	772	29325
3030	772	29328
3031	772	29331
3032	771	29334
3033	771	29338
3034	770	29341
3035	770	29344
3036	770	29347
3037	769	29350
3038	769	29353
3039	768	29356
3040	768	29359
3041	768	29362
3042	767	29365
3043	767	29368
3044	767	29371
3045	766	29374
3046	766	29377
3047	765	29379
3048	765	29382
3049	765	29385
3050	764	29388
3051	764	29391
3052	763	29394
3053	763	29397
3054	763	29400
3055	762	29403
3056	762	29406
3057	761	29409
3058	761	29412
3059	761	29415
3060	760	29418
3061	760	29421
3062	760	29424
3063	759	29427
3064	759	29430
3065	758	29433
3066	758	29436
3067	758	29439
3068	757	29442
3069	757	29445
3070	756	29448
3071	756	29451
3072	756	29454
3073	755	29457
3074	755	29460
3075	754	29463
3076	754	29466
3077	754	29468
3078	753	29471
3079	753	29474
3080	752	29477
3081	752	29480
3082	752	29483
3083	751	29486
3084	751	29489
3085	751	29492
3086	750	29495
3087	750	29498
3088	749	29501
3089	749	29504
3090	749	29507
3091	748	29510
3092	748	29512
3093	747	29515
3094	747	29518
3095	747	29521
3096	746	29524
3097	746	29527
3098	745	29530
3099	745	29533
3100	745	29536
3101	744	29539
3102	744	29542
3103	743	29544
3104	743	29547
3105	743	29550
3106	742	29553
3107	742	29556
3108	742	29559
3109	741	29562
3110	741	29565
3111	740	29568
3112	740	29571
3113	740	29573
3114	739	29576
3115	739	29579
3116	738	29582
3117	738	29585
3118	738	29588
3119	737	29591
3120	737	29594
3121	736	29597
3122	736	29599
3123	736	29602
3124	735	29605
3125	735	29608
3126	735	29611
3127	734	29614
3128	734	29617
3129	733	29619
3130	733	29622
3131	733	29625
3132	732	29628
3133	732	29631
3134	731	29634
3135	731	29637
3136	731	29639
3137	730	29642
3138	730	29645
3139	729	29648
3140	729	29651
3141	729	29654
3142	728	29657
3143	728	29659
3144	727	29662
3145	727	29665
3146	727	29668
3147	726	29671
3148	726	29674
3149	726	29676
3150	725	29679
3151	725	29682
3152	724	29685
3153	724	29688
3154	724	29691
3155	723	29693
3156	723	29696
3157	722	29699
3158	722	29702
3159	722	29705
3160	721	29708
3161	721	29710
3162	720	29713
3163	720	29716
3164	720	29719
3165	719	29722
3166	719	29724
3167	718	29727
3168	718	29730
3169	718	29733
3170	717	29736
3171	717	29738
3172	717	29741
3173	716	29744
3174	716	29747
3175	715	29750
3176	715	29752
3177	715	29755
3178	714	29758
3179	714	29761
3180	713	29764
3181	713	29766
3182	713	29769
3183	712	29772
3184	712	29775
3185	711	29777
3186	711	29780
3187	711	29783
3188	710	29786
3189	710	29789
3190	710	29791
3191	709	29794
3192	709	29797
3193	708	29800
3194	708	29802
3195	708	29805
3196	707	29808
3197	707	29811
3198	706	29813
3199	706	29816
3200	706	29819
3201	705	29822
3202	705	29824
3203	704	29827
3204	704	29830
3205	704	29833
3206	703	29835
3207	703	29838
3208	702	29841
3209	702	29844
3210	702	29846
3211	701	29849
3212	701	29852
3213	701	29855
3214	700	29857
3215	700	29860
3216	699	29863
3217	699	29866
3218	699	29868
3219	698	29871
3220	698	29874
3221	697	29876
3222	697	29879
3223	697	29882
3224	696	29885
3225	696	29887
3226	695	29890
3227	695	29893
3228	695	29896
3229	694	29898
3230	694	29901
3231	693	29904
3232	693	29906
3233	693	29909
3234	692	29912
3235	692	29914
3236	692	29917
3237	691	29920
3238	691	29923
3239	690	29925
3240	690	29928
3241	690	29931
3242	689	29933
3243	689	29936
3244	688	29939
3245	688	29941
3246	688	29944
3247	687	29947
3248	687	29949
3249	686	29952
3250	686	29955
3251	686	29957
3252	685	29960
3253	685	29963
3254	685	29966
3255	684	29968
3256	684	29971
3257	683	29974
3258	683	29976
3259	683	29979
3260	682	29982
3261	682	29984
3262	681	29987
3263	681	29990
3264	681	29992
3265	680	29995
3266	680	29997
3267	679	30000
3268	679	30003
3269	679	30005
3270	678	30008
3271	678	30011
3272	677	30013
3273	677	30016
3274	677	30019
3275	676	30021
3276	676	30024
3277	676	30027
3278	675	30029
3279	675	30032
3280	674	30035
3281	674	30037
3282	674	30040
3283	673	30042
3284	673	30045
3285	672	30048
3286	672	30050
3287	672	30053
3288	671	30056
3289	671	30058
3290	670	30061
3291	670	30063
3292	670	30066
3293	669	30069
3294	669	30071
3295	668	30074
3296	668	30076
3297	668	30079
3298	667	30082
3299	667	30084
3300	667	30087
3301	666	30089
3302	666	30092
3303	665	30095
3304	665	30097
3305	665	30100
3306	664	30102
3307	664	30105
3308	663	30108
3309	663	30110
3310	663	30113
3311	662	30115
3312	662	30118
3313	661	30121
3314	661	30123
3315	661	30126
3316	660	30128
3317	660	30131
3318	660	30133
3319	659	30136
3320	659	30139
3321	658	30141
3322	658	30144
3323	658	30146
3324	657	30149
3325	657	30151
3326	656	30154
3327	656	30157
3328	656	30159
3329	655	30162
3330	655	30164
3331	654	30167
3332	654	30169
3333	654	30172
3334	653	30174
3335	653	30177
3336	652	30180
3337	652	30182
3338	652	30185
3339	651	30187
3340	651	30190
3341	651	30192
3342	650	30195
3343	650	30197
3344	649	30200
3345	649	30202
3346	649	30205
3347	648	30208
3348	648	30210
3349	647	30213
3350	647	30215
3351	647	30218
3352	646	30220
3353	646	30223
3354	645	30225
3355	645	30228
3356	645	30230
3357	644	30233
3358	644	30235
3359	643	30238
3360	643	30240
3361	643	30243
3362	642	30245
3363	642	30248
3364	642	30250
3365	641	30253
3366	641	30255
3367	640	30258
3368	640	30260
3369	640	30263
3370	639	30265
3371	639	30268
3372	638	30270
3373	638	30273
3374	638	30275
3375	637	30278
3376	637	30280
3377	636	30283
3378	636	30285
3379	636	30288
3380	635	30290
3381	635	30293
3382	635	30295
3383	634	30298
3384	634	30300
3385	633	30303
3386	633	30305
3387	633	30308
3388	632	30310
3389	632	30312
3390	631	30315
3391	631	30317
3392	631	30320
3393	630	30322
3394	630	30325
3395	629	30327
3396	629	30330
3397	629	30332
3398	628	30335
3399	628	30337
3400	627	30340
3401	627	30342
3402	627	30344
3403	626	30347
3404	626	30349
3405	626	30352
3406	625	30354
3407	625	30357
3408	624	30359
3409	624	30362
3410	624	30364
3411	623	30366
3412	623	30369
3413	622	30371
3414	622	30374
3415	622	30376
3416	621	30379
3417	621	30381
3418	620	30383
3419	620	30386
3420	620	30388
3421	619	30391
3422	619	30393
3423	618	30395
3424	618	30398
3425	618	30400
3426	617	30403
3427	617	30405
3428	617	30408
3429	616	30410
3430	616	30412
3431	615	30415
3432	615	30417
3433	615	30420
3434	614	30422
3435	614	30424
3436	613	30427
3437	613	30429
3438	613	30432
3439	612	30434
3440	612	30436
3441	611	30439
3442	611	30441
3443	611	30443
3444	610	30446
3445	610	30448
3446	610	30451
3447	609	30453
3448	609	30455
3449	608	30458
3450	608	30460
3451	608	30463
3452	607	30465
3453	607	30467
3454	606	30470
3455	606	30472
3456	606	30474
3457	605	30477
3458	605	30479
3459	604	30481
3460	604	30484
3461	604	30486
3462	603	30489
3463	603	30491
3464	602	30493
3465	602	30496
3466	602	30498
3467	601	30500
3468	601	30503
3469	601	30505
3470	600	30507
3471	600	30510
3472	599	30512
3473	599	30514
3474	599	30517
3475	598	30519
3476	598	30521
3477	597	30524
3478	597	30526
3479	597	30528
3480	596	30531
3481	596	30533
3482	595	30535
3483	595	30538
3484	595	30540
3485	594	30542
3486	594	30545
3487	593	30547
3488	593	30549
3489	593	30552
3490	592	30554
3491	592	30556
3492	592	30559
3493	591	30561
3494	591	30563
3495	590	30565
3496	590	30568
3497	590	30570
3498	589	30572
3499	589	30575
3500	588	30577
3501	588	30579
3502	588	30582
3503	587	30584
3504	587	30586
3505	586	30588
3506	586	30591
3507	586	30593
3508	585	30595
3509	585	30598
3510	585	30600
3511	584	30602
3512	584	30604
3513	583	30607
3514	583	30609
3515	583	30611
3516	582	30614
3517	582	30616
3518	581	30618
3519	581	30620
3520	581	30623
3521	580	30625
3522	580	30627
3523	579	30629
3524	579	30632
3525	579	30634
3526	578	30636
3527	578	30638
3528	577	30641
3529	577	30643
3530	577	30645
3531	576	30647
3532	576	30650
3533	576	30652
3534	575	30654
3535	575	30656
3536	574	30659
3537	574	30661
3538	574	30663
3539	573	30665
3540	573	30668
3541	572	30670
3542	572	30672
3543	572	30674
3544	571	30677
3545	571	30679
3546	570	30681
3547	570	30683
3548	570	30685
3549	569	30688
3550	569	30690
3551	568	30692
3552	568	30694
3553	568	30697
3554	567	30699
3555	567	30701
3556	567	30703
3557	566	30705
3558	566	30708
3559	565	30710
3560	565	30712
3561	565	30714
3562	564	30716
3563	564	30719
3564	563	30721
3565	563	30723
3566	563	30725
3567	562	30727
3568	562	30730
3569	561	30732
3570	561	30734
3571	561	30736
3572	560	30738
3573	560	30741
3574	560	30743
3575	559	30745
3576	559	30747
3577	558	30749
3578	558	30752
3579	558	30754
3580	557	30756
3581	557	30758
3582	556	30760
3583	556	30762
3584	556	30765
3585	555	30767
3586	555	30769
3587	554	30771
3588	554	30773
3589	554	30775
3590	553	30778
3591	553	30780
3592	552	30782
3593	552	30784
3594	552	30786
3595	551	30788
3596	551	30790
3597	551	30793
3598	550	30795
3599	550	30797
3600	549	30799
3601	549	30801
3602	549	30803
3603	548	30806
3604	548	30808
3605	547	30810
3606	547	30812
3607	547	30814
3608	546	30816
3609	546	30818
3610	545	30820
3611	545	30823
3612	545	30825
3613	544	30827
3614	544	30829
3615	543	30831
3616	543	30833
3617	543	30835
3618	542	30837
3619	542	30840
3620	542	30842
3621	541	30844
3622	541	30846
3623	540	30848
3624	540	30850
3625	540	30852
3626	539	30854
3627	539	30856
3628	538	30859
3629	538	30861
3630	538	30863
3631	537	30865
3632	537	30867
3633	536	30869
3634	536	30871
3635	536	30873
3636	535	30875
3637	535	30877
3638	535	30879
3639	534	30882
3640	534	30884
3641	533	30886
3642	533	30888
3643	533	30890
3644	532	30892
3645	532	30894
3646	531	30896
3647	531	30898
3648	531	30900
3649	530	30902
3650	530	30904
3651	529	30906
3652	529	30909
3653	529	30911
3654	528	30913
3655	528	30915
3656	527	30917
3657	527	30919
3658	527	30921
3659	526	30923
3660	526	30925
3661	526	30927
3662	525	30929
3663	525	30931
3664	524	30933
3665	524	30935
3666	524	30937
3667	523	30939
3668	523	30941
3669	522	30943
3670	522	30945
3671	522	30948
3672	521	30950
3673	521	30952
3674	520	30954
3675	520	30956
3676	520	30958
3677	519	30960
3678	519	30962
3679	518	30964
3680	518	30966
3681	518	30968
3682	517	30970
3683	517	30972
3684	517	30974
3685	516	30976
3686	516	30978
3687	515	30980
3688	515	30982
3689	515	30984
3690	514	30986
3691	514	30988
3692	513	30990
3693	513	30992
3694	513	30994
3695	512	30996
3696	512	30998
3697	511	31000
3698	511	31002
3699	511	31004
3700	510	31006
3701	510	31008
3702	510	31010
3703	509	31012
3704	509	31014
3705	508	31016
3706	508	31018
3707	508	31020
3708	507	31022
3709	507	31024
3710	506	31026
3711	506	31028
3712	506	31030
3713	505	31032
3714	505	31034
3715	504	31036
3716	504	31038
3717	504	31040
3718	503	31042
3719	503	31044
3720	502	31046
3721	502	31047
3722	502	31049
3723	501	31051
3724	501	31053
3725	501	31055
3726	500	31057
3727	500	31059
3728	499	31061
3729	499	31063
3730	499	31065
3731	498	31067
3732	498	31069
3733	497	31071
3734	497	31073
3735	497	31075
3736	496	31077
3737	496	31079
3738	495	31081
3739	495	31083
3740	495	31084
3741	494	31086
3742	494	31088
3743	493	31090
3744	493	31092
3745	493	31094
3746	492	31096
3747	492	31098
3748	492	31100
3749	491	31102
3750	491	31104
3751	490	31106
3752	490	31108
3753	490	31109
3754	489	31111
3755	489	31113
3756	488	31115
3757	488	31117
3758	488	31119
3759	487	31121
3760	487	31123
3761	486	31125
3762	486	31127
3763	486	31128
3764	485	31130
3765	485	31132
3766	485	31134
3767	484	31136
3768	484	31138
3769	483	31140
3770	483	31142
3771	483	31144
3772	482	31145
3773	482	31147
3774	481	31149
3775	481	31151
3776	481	31153
3777	480	31155
3778	480	31157
3779	479	31159
3780	479	31160
3781	479	31162
3782	478	31164
3783	478	31166
3784	477	31168
3785	477	31170
3786	477	31172
3787	476	31174
3788	476	31175
3789	476	31177
3790	475	31179
3791	475	31181
3792	474	31183
3793	474	31185
3794	474	31187
3795	473	31188
3796	473	31190
3797	472	31192
3798	472	31194
3799	472	31196
3800	471	31198
3801	471	31199
3802	470	31201
3803	470	31203
3804	470	31205
3805	469	31207
3806	469	31209
3807	468	31210
3808	468	31212
3809	468	31214
3810	467	31216
3811	467	31218
3812	467	31220
3813	466	31221
3814	466	31223
3815	465	31225
3816	465	31227
3817	465	31229
3818	464	31230
3819	464	31232
3820	463	31234
3821	463	31236
3822	463	31238
3823	462	31240
3824	462	31241
3825	461	31243
3826	461	31245
3827	461	31247
3828	460	31249
3829	460	31250
3830	460	31252
3831	459	31254
3832	459	31256
3833	458	31257
3834	458	31259
3835	458	31261
3836	457	31263
3837	457	31265
3838	456	31266
3839	456	31268
3840	456	31270
3841	455	31272
3842	455	31274
3843	454	31275
3844	454	31277
3845	454	31279
3846	453	31281
3847	453	31282
3848	452	31284
3849	452	31286
3850	452	31288
3851	451	31289
3852	451	31291
3853	451	31293
3854	450	31295
3855	450	31296
3856	449	31298
3857	449	31300
3858	449	31302
3859	448	31303
3860	448	31305
3861	447	31307
3862	447	31309
3863	447	31310
3864	446	31312
3865	446	31314
3866	445	31316
3867	445	31317
3868	445	31319
3869	444	31321
3870	444	31323
3871	443	31324
3872	443	31326
3873	443	31328
3874	442	31330
3875	442	31331
3876	442	31333
3877	441	31335
3878	441	31336
3879	440	31338
3880	440	31340
3881	440	31342
3882	439	31343
3883	439	31345
3884	438	31347
3885	438	31348
3886	438	31350
3887	437	31352
3888	437	31354
3889	436	31355
3890	436	31357
3891	436	31359
3892	435	31360
3893	435	31362
3894	435	31364
3895	434	31365
3896	434	31367
3897	433	31369
3898	433	31371
3899	433	31372
3900	432	31374
3901	432	31376
3902	431	31377
3903	431	31379
3904	431	31381
3905	430	31382
3906	430	31384
3907	429	31386
3908	429	31387
3909	429	31389
3910	428	31391
3911	428	31392
3912	427	31394
3913	427	31396
3914	427	31397
3915	426	31399
3916	426	31401
3917	426	31402
3918	425	31404
3919	425	31406
3920	424	31407
3921	424	31409
3922	424	31411
3923	423	31412
3924	423	31414
3925	422	31416
3926	422	31417
3927	422	31419
3928	421	31421
3929	421	31422
3930	420	31424
3931	420	31426
3932	420	31427
3933	419	31429
3934	419	31430
3935	418	31432
3936	418	31434
3937	418	31435
3938	417	31437
3939	417	31439
3940	417	31440
3941	416	31442
3942	416	31443
3943	415	31445
3944	415	31447
3945	415	31448
3946	414	31450
3947	414	31452
3948	413	31453
3949	413	31455
3950	413	31456
3951	412	31458
3952	412	31460
3953	411	31461
3954	411	31463
3955	411	31464
3956	410	31466
3957	410	31468
3958	410	31469
3959	409	31471
3960	409	31472
3961	408	31474
3962	408	31476
3963	408	31477
3964	407	31479
3965	407	31480
3966	406	31482
3967	406	31484
3968	406	31485
3969	405	31487
3970	405	31488
3971	404	31490
3972	404	31491
3973	404	31493
3974	403	31495
3975	403	31496
3976	402	31498
3977	402	31499
3978	402	31501
3979	401	31502
3980	401	31504
3981	401	31506
3982	400	31507
3983	400	31509
3984	399	31510
3985	399	31512
3986	399	31513
3987	398	31515
3988	398	31517
3989	397	31518
3990	397	31520
3991	397	31521
3992	396	31523
3993	396	31524
3994	395	31526
3995	395	31527
3996	395	31529
3997	394	31530
3998	394	31532
3999	393	31534
4000	393	31535
4001	393	31537
4002	392	31538
4003	392	31540
4004	392	31541
4005	391	31543
4006	391	31544
4007	390	31546
4008	390	31547
4009	390	31549
4010	389	31550
4011	389	31552
4012	388	31553
4013	388	31555
4014	388	31556
4015	387	31558
4016	387	31559
4017	386	31561
4018	386	31562
4019	386	31564
4020	385	31565
4021	385	31567
4022	385	31568
4023	384	31570
4024	384	31571
4025	383	31573
4026	383	31574
4027	383	31576
4028	382	31577
4029	382	31579
4030	381	31580
4031	381	31582
4032	381	31583
4033	380	31585
4034	380	31586
4035	379	31588
4036	379	31589
4037	379	31591
4038	378	31592
4039	378	31594
4040	377	31595
4041	377	31597
4042	377	31598
4043	376	31600
4044	376	31601
4045	376	31603
4046	375	31604
4047	375	31606
4048	374	31607
4049	374	31608
4050	374	31610
4051	373	31611
4052	373	31613
4053	372	31614
4054	372	31616
4055	372	31617
4056	371	31619
4057	371	31620
4058	370	31622
4059	370	31623
4060	370	31624
4061	369	31626
4062	369	31627
4063	368	31629
4064	368	31630
4065	368	31632
4066	367	31633
4067	367	31634
4068	367	31636
4069	366	31637
4070	366	31639
4071	365	31640
4072	365	31642
4073	365	31643
4074	364	31644
4075	364	31646
4076	363	31647
4077	363	31649
4078	363	31650
4079	362	31652
4080	362	31653
4081	361	31654
4082	361	31656
4083	361	31657
4084	360	31659
4085	360	31660
4086	360	31661
4087	359	31663
4088	359	31664
4089	358	31666
4090	358	31667
4091	358	31668
4092	357	31670
4093	357	31671
4094	356	31673
4095	356	31674
4096	356	31675
4097	355	31677
4098	355	31678
4099	354	31680
4100	354	31681
4101	354	31682
4102	353	31684
4103	353	31685
4104	352	31686
4105	352	31688
4106	352	31689
4107	351	31691
4108	351	31692
4109	351	31693
4110	350	31695
4111	350	31696
4112	349	31697
4113	349	31699
4114	349	31700
4115	348	31701
4116	348	31703
4117	347	31704
4118	347	31706
4119	347	31707
4120	346	31708
4121	346	31710
4122	345	31711
4123	345	31712
4124	345	31714
4125	344	31715
4126	344	31716
4127	343	31718
4128	343	31719
4129	343	31720
4130	342	31722
4131	342	31723
4132	342	31724
4133	341	31726
4134	341	31727
4135	340	31728
4136	340	31730
4137	340	31731
4138	339	31732
4139	339	31734
4140	338	31735
4141	338	31736
4142	338	31738
4143	337	31739
4144	337	31740
4145	336	31742
4146	336	31743
4147	336	31744
4148	335	31745
4149	335	31747
4150	335	31748
4151	334	31749
4152	334	31751
4153	333	31752
4154	333	31753
4155	333	31755
4156	332	31756
4157	332	31757
4158	331	31759
4159	331	31760
4160	331	31761
4161	330	31762
4162	330	31764
4163	329	31765
4164	329	31766
4165	329	31768
4166	328	31769
4167	328	31770
4168	327	31771
4169	327	31773
4170	327	31774
4171	326	31775
4172	326	31776
4173	326	31778
4174	325	31779
4175	325	31780
4176	324	31782
4177	324	31783
4178	324	31784
4179	323	31785
4180	323	31787
4181	322	31788
4182	322	31789
4183	322	31790
4184	321	31792
4185	321	31793
4186	320	31794
4187	320	31795
4188	320	31797
4189	319	31798
4190	319	31799
4191	318	31800
4192	318	31802
4193	318	31803
4194	317	31804
4195	317	31805
4196	317	31807
4197	316	31808
4198	316	31809
4199	315	31810
4200	315	31812
4201	315	31813
4202	314	31814
4203	314	31815
4204	313	31816
4205	313	31818
4206	313	31819
4207	312	31820
4208	312	31821
4209	311	31823
4210	311	31824
4211	311	31825
4212	310	31826
4213	310	31827
4214	310	31829
4215	309	31830
4216	309	31831
4217	308	31832
4218	308	31833
4219	308	31835
4220	307	31836
4221	307	31837
4222	306	31838
4223	306	31839
4224	306	31841
4225	305	31842
4226	305	31843
4227	304	31844
4228	304	31845
4229	304	31847
4230	303	31848
4231	303	31849
4232	302	31850
4233	302	31851
4234	302	31852
4235	301	31854
4236	301	31855
4237	301	31856
4238	300	31857
4239	300	31858
4240	299	31859
4241	299	31861
4242	299	31862
4243	298	31863
4244	298	31864
4245	297	31865
4246	297	31866
4247	297	31868
4248	296	31869
4249	296	31870
4250	295	31871
4251	295	31872
4252	295	31873
4253	294	31875
4254	294	31876
4255	293	31877
4256	293	31878
4257	293	31879
4258	292	31880
4259	292	31881
4260	292	31883
4261	291	31884
4262	291	31885
4263	290	31886
4264	290	31887
4265	290	31888
4266	289	31889
4267	289	31890
4268	288	31892
4269	288	31893
4270	288	31894
4271	287	31895
4272	287	31896
4273	286	31897
4274	286	31898
4275	286	31899
4276	285	31901
4277	285	31902
4278	285	31903
4279	284	31904
4280	284	31905
4281	283	31906
4282	283	31907
4283	283	31908
4284	282	31909
4285	282	31911
4286	281	31912
4287	281	31913
4288	281	31914
4289	280	31915
4290	280	31916
4291	279	31917
4292	279	31918
4293	279	31919
4294	278	31920
4295	278	31921
4296	277	31923
4297	277	31924
4298	277	31925
4299	276	31926
4300	276	31927
4301	276	31928
4302	275	31929
4303	275	31930
4304	274	31931
4305	274	31932
4306	274	31933
4307	273	31934
4308	273	31935
4309	272	31936
4310	272	31938
4311	272	31939
4312	271	31940
4313	271	31941
4314	270	31942
4315	270	31943
4316	270	31944
4317	269	31945
4318	269	31946
4319	268	31947
4320	268	31948
4321	268	31949
4322	267	31950
4323	267	31951
4324	267	31952
4325	266	31953
4326	266	31954
4327	265	31955
4328	265	31956
4329	265	31957
4330	264	31958
4331	264	31959
4332	263	31961
4333	263	31962
4334	263	31963
4335	262	31964
4336	262	31965
4337	261	31966
4338	261	31967
4339	261	31968
4340	260	31969
4341	260	31970
4342	260	31971
4343	259	31972
4344	259	31973
4345	258	31974
4346	258	31975
4347	258	31976
4348	257	31977
4349	257	31978
4350	256	31979
4351	256	31980
4352	256	31981
4353	255	31982
4354	255	31983
4355	254	31984
4356	254	31985
4357	254	31986
4358	253	31987
4359	253	31988
4360	252	31989
4361	252	31990
4362	252	31991
4363	251	31992
4364	251	31993
4365	251	31994
4366	250	31995
4367	250	31996
4368	249	31997
4369	249	31998
4370	249	31998
4371	248	31999
4372	248	32000
4373	247	32001
4374	247	32002
4375	247	32003
4376	246	32004
4377	246	32005
4378	245	32006
4379	245	32007
4380	245	32008
4381	244	32009
4382	244	32010
4383	243	32011
4384	243	32012
4385	243	32013
4386	242	32014
4387	242	32015
4388	242	32016
4389	241	32017
4390	241	32018
4391	240	32019
4392	240	32019
4393	240	32020
4394	239	32021
4395	239	32022
4396	238	32023
4397	238	32024
4398	238	32025
4399	237	32026
4400	237	32027
4401	236	32028
4402	236	32029
4403	236	32030
4404	235	32031
4405	235	32032
4406	235	32032
4407	234	32033
4408	234	32034
4409	233	32035
4410	233	32036
4411	233	32037
4412	232	32038
4413	232	32039
4414	231	32040
4415	231	32041
4416	231	32042
4417	230	32042
4418	230	32043
4419	229	32044
4420	229	32045
4421	229	32046
4422	228	32047
4423	228	32048
4424	227	32049
4425	227	32050
4426	227	32050
4427	226	32051
4428	226	32052
4429	226	32053
4430	225	32054
4431	225	32055
4432	224	32056
4433	224	32057
4434	224	32057
4435	223	32058
4436	223	32059
4437	222	32060
4438	222	32061
4439	222	32062
4440	221	32063
4441	221	32064
4442	220	32064
4443	220	32065
4444	220	32066
4445	219	32067
4446	219	32068
4447	218	32069
4448	218	32070
4449	218	32070
4450	217	32071
4451	217	32072
4452	217	32073
4453	216	32074
4454	216	32075
4455	215	32075
4456	215	32076
4457	215	32077
4458	214	32078
4459	214	32079
4460	213	32080
4461	213	32080
4462	213	32081
4463	212	32082
4464	212	32083
4465	211	32084
4466	211	32085
4467	211	32085
4468	210	32086
4469	210	32087
4470	210	32088
4471	209	32089
4472	209	32090
4473	208	32090
4474	208	32091
4475	208	32092
4476	207	32093
4477	207	32094
4478	206	32094
4479	206	32095
4480	206	32096
4481	205	32097
4482	205	32098
4483	204	32098
4484	204	32099
4485	204	32100
4486	203	32101
4487	203	32102
4488	202	32102
4489	202	32103
4490	202	32104
4491	201	32105
4492	201	32105
4493	201	32106
4494	200	32107
4495	200	32108
4496	199	32109
4497	199	32109
4498	199	32110
4499	198	32111
4500	198	32112
4501	197	32112
4502	197	32113
4503	197	32114
4504	196	32115
4505	196	32116
4506	195	32116
4507	195	32117
4508	195	32118
4509	194	32119
4510	194	32119
4511	193	32120
4512	193	32121
4513	193	32122
4514	192	32122
4515	192	32123
4516	192	32124
4517	191	32125
4518	191	32125
4519	190	32126
4520	190	32127
4521	190	32128
4522	189	32128
4523	189	32129
4524	188	32130
4525	188	32131
4526	188	32131
4527	187	32132
4528	187	32133
4529	186	32133
4530	186	32134
4531	186	32135
4532	185	32136
4533	185	32136
4534	185	32137
4535	184	32138
4536	184	32139
4537	183	32139
4538	183	32140
4539	183	32141
4540	182	32141
4541	182	32142
4542	181	32143
4543	181	32144
4544	181	32144
4545	180	32145
4546	180	32146
4547	179	32146
4548	179	32147
4549	179	32148
4550	178	32148
4551	178	32149
4552	177	32150
4553	177	32150
4554	177	32151
4555	176	32152
4556	176	32153
4557	176	32153
4558	175	32154
4559	175	32155
4560	174	32155
4561	174	32156
4562	174	32157
4563	173	32157
4564	173	32158
4565	172	32159
4566	172	32159
4567	172	32160
4568	171	32161
4569	171	32161
4570	170	32162
4571	170	32163
4572	170	32163
4573	169	32164
4574	169	32165
4575	168	32165
4576	168	32166
4577	168	32167
4578	167	32167
4579	167	32168
4580	167	32169
4581	166	32169
4582	166	32170
4583	165	32171
4584	165	32171
4585	165	32172
4586	164	32172
4587	164	32173
4588	163	32174
4589	163	32174
4590	163	32175
4591	162	32176
4592	162	32176
4593	161	32177
4594	161	32178
4595	161	32178
4596	160	32179
4597	160	32179
4598	160	32180
4599	159	32181
4600	159	32181
4601	158	32182
4602	158	32183
4603	158	32183
4604	157	32184
4605	157	32184
4606	156	32185
4607	156	32186
4608	156	32186
4609	155	32187
4610	155	32187
4611	154	32188
4612	154	32189
4613	154	32189
4614	153	32190
4615	153	32190
4616	152	32191
4617	152	32192
4618	152	32192
4619	151	32193
4620	151	32193
4621	151	32194
4622	150	32195
4623	150	32195
4624	149	32196
4625	149	32196
4626	149	32197
4627	148	32197
4628	148	32198
4629	147	32199
4630	147	32199
4631	147	32200
4632	146	32200
4633	146	32201
4634	145	32201
4635	145	32202
4636	145	32203
4637	144	32203
4638	144	32204
4639	143	32204
4640	143	32205
4641	143	32205
4642	142	32206
4643	142	32206
4644	142	32207
4645	141	32208
4646	141	32208
4647	140	32209
4648	140	32209
4649	140	32210
4650	139	32210
4651	139	32211
4652	138	32211
4653	138	32212
4654	138	32212
4655	137	32213
4656	137	32214
4657	136	32214
4658	136	32215
4659	136	32215
4660	135	32216
4661	135	32216
4662	135	32217
4663	134	32217
4664	134	32218
4665	133	32218
4666	133	32219
4667	133	32219
4668	132	32220
4669	132	32220
4670	131	32221
4671	131	32221
4672	131	32222
4673	130	32222
4674	130	32223
4675	129	32223
4676	129	32224
4677	129	32224
4678	128	32225
4679	128	32225
4680	127	32226
4681	127	32226
4682	127	32227
4683	126	32227
4684	126	32228
4685	126	32228
4686	125	32229
4687	125	32229
4688	124	32230
4689	124	32230
4690	124	32231
4691	123	32231
4692	123	32232
4693	122	32232
4694	122	32233
4695	122	32233
4696	121	32234
4697	121	32234
4698	120	32235
4699	120	32235
4700	120	32236
4701	119	32236
4702	119	32237
4703	118	32237
4704	118	32237
4705	118	32238
4706	117	32238
4707	117	32239
4708	117	32239
4709	116	32240
4710	116	32240
4711	115	32241
4712	115	32241
4713	115	32242
4714	114	32242
4715	114	32242
4716	113	32243
4717	113	32243
4718	113	32244
4719	112	32244
4720	112	32245
4721	111	32245
4722	111	32245
4723	111	32246
4724	110	32246
4725	110	32247
4726	110	32247
4727	109	32248
4728	109	32248
4729	108	32248
4730	108	32249
4731	108	32249
4732	107	32250
4733	107	32250
4734	106	32251
4735	106	32251
4736	106	32251
4737	105	32252
4738	105	32252
4739	104	32253
4740	104	32253
4741	104	32253
4742	103	32254
4743	103	32254
4744	102	32255
4745	102	32255
4746	102	32255
4747	101	32256
4748	101	32256
4749	101	32257
4750	100	32257
4751	100	32257
4752	99	32258
4753	99	32258
4754	99	32259
4755	98	32259
4756	98	32259
4757	97	32260
4758	97	32260
4759	97	32260
4760	96	32261
4761	96	32261
4762	95	32262
4763	95	32262
4764	95	32262
4765	94	32263
4766	94	32263
4767	93	32263
4768	93	32264
4769	93	32264
4770	92	32265
4771	92	32265
4772	92	32265
4773	91	32266
4774	91	32266
4775	90	32266
4776	90	32267
4777	90	32267
4778	89	32267
4779	89	32268
4780	88	32268
4781	88	32268
4782	88	32269
4783	87	32269
4784	87	32269
4785	86	32270
4786	86	32270
4787	86	32270
4788	85	32271
4789	85	32271
4790	85	32271
4791	84	32272
4792	84	32272
4793	83	32272
4794	83	32273
4795	83	32273
4796	82	32273
4797	82	32274
4798	81	32274
4799	81	32274
4800	81	32275
4801	80	32275
4802	80	32275
4803	79	32276
4804	79	32276
4805	79	32276
4806	78	32276
4807	78	32277
4808	77	32277
4809	77	32277
4810	77	32278
4811	76	32278
4812	76	32278
4813	76	32279
4814	75	32279
4815	75	32279
4816	74	32279
4817	74	32280
4818	74	32280
4819	73	32280
4820	73	32281
4821	72	32281
4822	72	32281
4823	72	32281
4824	71	32282
4825	71	32282
4826	70	32282
4827	70	32283
4828	70	32283
4829	69	32283
4830	69	32283
4831	68	32284
4832	68	32284
4833	68	32284
4834	67	32284
4835	67	32285
4836	67	32285
4837	66	32285
4838	66	32285
4839	65	32286
4840	65	32286
4841	65	32286
4842	64	32286
4843	64	32287
4844	63	32287
4845	63	32287
4846	63	32287
4847	62	32288
4848	62	32288
4849	61	32288
4850	61	32288
4851	61	32289
4852	60	32289
4853	60	32289
4854	60	32289
4855	59	32290
4856	59	32290
4857	58	32290
4858	58	32290
4859	58	32290
4860	57	32291
4861	57	32291
4862	56	32291
4863	56	32291
4864	56	32292
4865	55	32292
4866	55	32292
4867	54	32292
4868	54	32292
4869	54	32293
4870	53	32293
4871	53	32293
4872	52	32293
4873	52	32293
4874	52	32294
4875	51	32294
4876	51	32294
4877	51	32294
4878	50	32294
4879	50	32295
4880	49	32295
4881	49	32295
4882	49	32295
4883	48	32295
4884	48	32296
4885	47	32296
4886	47	32296
4887	47	32296
4888	46	32296
4889	46	32297
4890	45	32297
4891	45	32297
4892	45	32297
4893	44	32297
4894	44	32297
4895	43	32298
4896	43	32298
4897	43	32298
4898	42	32298
4899	42	32298
4900	42	32298
4901	41	32299
4902	41	32299
4903	40	32299
4904	40	32299
4905	40	32299
4906	39	32299
4907	39	32299
4908	38	32300
4909	38	32300
4910	38	32300
4911	37	32300
4912	37	32300
4913	36	32300
4914	36	32301
4915	36	32301
4916	35	32301
4917	35	32301
4918	35	32301
4919	34	32301
4920	34	32301
4921	33	32301
4922	33	32302
4923	33	32302
4924	32	32302
4925	32	32302
4926	31	32302
4927	31	32302
4928	31	32302
4929	30	32302
4930	30	32303
4931	29	32303
4932	29	32303
4933	29	32303
4934	28	32303
4935	28	32303
4936	27	32303
4937	27	32303
4938	27	32303
4939	26	32304
4940	26	32304
4941	26	32304
4942	25	32304
4943	25	32304
4944	24	32304
4945	24	32304
4946	24	32304
4947	23	32304
4948	23	32304
4949	22	32304
4950	22	32305
4951	22	32305
4952	21	32305
4953	21	32305
4954	20	32305
4955	20	32305
4956	20	32305
4957	19	32305
4958	19	32305
4959	18	32305
4960	18	32305
4961	18	32305
4962	17	32305
4963	17	32306
4964	17	32306
4965	16	32306
4966	16	32306
4967	15	32306
4968	15	32306
4969	15	32306
4970	14	32306
4971	14	32306
4972	13	32306
4973	13	32306
4974	13	32306
4975	12	32306
4976	12	32306
4977	11	32306
4978	11	32306
4979	11	32306
4980	10	32306
4981	10	32306
4982	10	32307
4983	9	32307
4984	9	32307
4985	8	32307
4986	8	32307
4987	8	32307
4988	7	32307
4989	7	32307
4990	6	32307
4991	6	32307
4992	6	32307
4993	5	32307
4994	5	32307
4995	4	32307
4996	4	32307
4997	4	32307
4998	3	32307
4999	3	32307
