n	y[n]	INTEG(y[n])
0	9960	38
1	9922	77
2	9883	116
3	9844	154
4	9806	193
5	9767	231
6	9729	269
7	9691	307
8	9653	344
9	9616	382
10	9578	419
11	9541	456
12	9503	494
13	9466	531
14	9429	567
15	9393	604
16	9356	641
17	9319	677
18	9283	713
19	9247	749
20	9210	785
21	9175	821
22	9139	857
23	9103	893
24	9067	928
25	9032	963
26	8997	998
27	8962	1033
28	8927	1068
29	8892	1103
30	8857	1138
31	8822	1172
32	8788	1206
33	8754	1241
34	8719	1275
35	8685	1309
36	8651	1342
37	8618	1376
38	8584	1410
39	8550	1443
40	8517	1476
41	8484	1509
42	8451	1542
43	8418	1575
44	8385	1608
45	8352	1641
46	8319	1673
47	8287	1705
48	8254	1738
49	8222	1770
50	8190	1802
51	8158	1834
52	8126	1865
53	8094	1897
54	8063	1929
55	8031	1960
56	8000	1991
57	7969	2022
58	7938	2053
59	7907	2084
60	7876	2115
61	7845	2146
62	7814	2176
63	7784	2207
64	7753	2237
65	7723	2267
66	7693	2297
67	7663	2327
68	7633	2357
69	7603	2386
70	7573	2416
71	7544	2446
72	7514	2475
73	7485	2504
74	7456	2533
75	7427	2562
76	7398	2591
77	7369	2620
78	7340	2649
79	7311	2677
80	7283	2706
81	7254	2734
82	7226	2762
83	7198	2790
84	7170	2818
85	7142	2846
86	7114	2874
87	7086	2902
88	7058	2929
89	7031	2957
90	7003	2984
91	6976	3011
92	6949	3038
93	6921	3066
94	6894	3092
95	6868	3119
96	6841	3146
97	6814	3173
98	6787	3199
99	6761	3226
100	6734	3252
101	6708	3278
102	6682	3304
103	6656	3330
104	6630	3356
105	6604	3382
106	6578	3408
107	6552	3433
108	6527	3459
109	6501	3484
110	6476	3509
111	6451	3535
112	6425	3560
113	6400	3585
114	6375	3610
115	6350	3634
116	6326	3659
117	6301	3684
118	6276	3708
119	6252	3733
120	6227	3757
121	6203	3781
122	6179	3805
123	6155	3829
124	6131	3853
125	6107	3877
126	6083	3901
127	6059	3925
128	6035	3948
129	6012	3972
130	5988	3995
131	5965	4018
132	5942	4042
133	5918	4065
134	5895	4088
135	5872	4111
136	5849	4133
137	5827	4156
138	5804	4179
139	5781	4201
140	5758	4224
141	5736	4246
142	5714	4269
143	5691	4291
144	5669	4313
145	5647	4335
146	5625	4357
147	5603	4379
148	5581	4401
149	5559	4422
150	5537	4444
151	5516	4466
152	5494	4487
153	5473	4508
154	5451	4530
155	5430	4551
156	5409	4572
157	5388	4593
158	5367	4614
159	5346	4635
160	5325	4656
161	5304	4677
162	5283	4697
163	5263	4718
164	5242	4738
165	5222	4759
166	5201	4779
167	5181	4799
168	5161	4819
169	5141	4839
170	5121	4859
171	5101	4879
172	5081	4899
173	5061	4919
174	5041	4939
175	5021	4958
176	5002	4978
177	4982	4997
178	4963	5017
179	4943	5036
180	4924	5055
181	4905	5074
182	4886	5093
183	4867	5112
184	4847	5131
185	4829	5150
186	4810	5169
187	4791	5188
188	4772	5206
189	4754	5225
190	4735	5243
191	4716	5262
192	4698	5280
193	4680	5299
194	4661	5317
195	4643	5335
196	4625	5353
197	4607	5371
198	4589	5389
199	4571	5407
200	4553	5424
201	4535	5442
202	4518	5460
203	4500	5477
204	4483	5495
205	4465	5512
206	4448	5530
207	4430	5547
208	4413	5564
209	4396	5581
210	4378	5599
211	4361	5616
212	4344	5633
213	4327	5649
214	4310	5666
215	4294	5683
216	4277	5700
217	4260	5716
218	4244	5733
219	4227	5750
220	4210	5766
221	4194	5782
222	4178	5799
223	4161	5815
224	4145	5831
225	4129	5847
226	4113	5863
227	4097	5879
228	4081	5895
229	4065	5911
230	4049	5927
231	4033	5943
232	4017	5958
233	4002	5974
234	3986	5990
235	3970	6005
236	3955	6021
237	3939	6036
238	3924	6051
239	3909	6067
240	3893	6082
241	3878	6097
242	3863	6112
243	3848	6127
244	3833	6142
245	3818	6157
246	3803	6172
247	3788	6187
248	3773	6201
249	3759	6216
250	3744	6231
251	3729	6245
252	3715	6260
253	3700	6274
254	3686	6289
255	3671	6303
256	3657	6317
257	3643	6331
258	3629	6346
259	3614	6360
260	3600	6374
261	3586	6388
262	3572	6402
263	3558	6416
264	3544	6429
265	3530	6443
266	3517	6457
267	3503	6471
268	3489	6484
269	3476	6498
270	3462	6511
271	3449	6525
272	3435	6538
273	3422	6552
274	3408	6565
275	3395	6578
276	3382	6591
277	3369	6605
278	3355	6618
279	3342	6631
280	3329	6644
281	3316	6657
282	3303	6670
283	3290	6682
284	3277	6695
285	3265	6708
286	3252	6721
287	3239	6733
288	3227	6746
289	3214	6759
290	3201	6771
291	3189	6783
292	3176	6796
293	3164	6808
294	3152	6821
295	3139	6833
296	3127	6845
297	3115	6857
298	3103	6869
299	3091	6881
300	3079	6893
301	3067	6905
302	3055	6917
303	3043	6929
304	3031	6941
305	3019	6953
306	3007	6965
307	2995	6976
308	2984	6988
309	2972	7000
310	2960	7011
311	2949	7023
312	2937	7034
313	2926	7046
314	2914	7057
315	2903	7068
316	2892	7080
317	2880	7091
318	2869	7102
319	2858	7113
320	2847	7124
321	2836	7135
322	2825	7146
323	2813	7157
324	2803	7168
325	2792	7179
326	2781	7190
327	2770	7201
328	2759	7212
329	2748	7222
330	2737	7233
331	2727	7244
332	2716	7254
333	2706	7265
334	2695	7276
335	2684	7286
336	2674	7296
337	2663	7307
338	2653	7317
339	2643	7328
340	2632	7338
341	2622	7348
342	2612	7358
343	2602	7368
344	2591	7379
345	2581	7389
346	2571	7399
347	2561	7409
348	2551	7419
349	2541	7429
350	2531	7438
351	2521	7448
352	2512	7458
353	2502	7468
354	2492	7478
355	2482	7487
356	2473	7497
357	2463	7507
358	2453	7516
359	2444	7526
360	2434	7535
361	2425	7545
362	2415	7554
363	2406	7564
364	2396	7573
365	2387	7582
366	2378	7592
367	2368	7601
368	2359	7610
369	2350	7619
370	2341	7628
371	2332	7637
372	2323	7647
373	2313	7656
374	2304	7665
375	2295	7674
376	2286	7682
377	2278	7691
378	2269	7700
379	2260	7709
380	2251	7718
381	2242	7727
382	2233	7735
383	2225	7744
384	2216	7753
385	2207	7761
386	2199	7770
387	2190	7778
388	2182	7787
389	2173	7795
390	2165	7804
391	2156	7812
392	2148	7821
393	2139	7829
394	2131	7837
395	2123	7846
396	2114	7854
397	2106	7862
398	2098	7870
399	2090	7879
400	2081	7887
401	2073	7895
402	2065	7903
403	2057	7911
404	2049	7919
405	2041	7927
406	2033	7935
407	2025	7943
408	2017	7951
409	2009	7958
410	2002	7966
411	1994	7974
412	1986	7982
413	1978	7989
414	1970	7997
415	1963	8005
416	1955	8012
417	1947	8020
418	1940	8028
419	1932	8035
420	1925	8043
421	1917	8050
422	1910	8058
423	1902	8065
424	1895	8073
425	1887	8080
426	1880	8087
427	1873	8095
428	1865	8102
429	1858	8109
430	1851	8116
431	1844	8124
432	1836	8131
433	1829	8138
434	1822	8145
435	1815	8152
436	1808	8159
437	1801	8166
438	1794	8173
439	1787	8180
440	1780	8187
441	1773	8194
442	1766	8201
443	1759	8208
444	1752	8215
445	1745	8221
446	1739	8228
447	1732	8235
448	1725	8242
449	1718	8248
450	1711	8255
451	1705	8262
452	1698	8268
453	1692	8275
454	1685	8282
455	1678	8288
456	1672	8295
457	1665	8301
458	1659	8308
459	1652	8314
460	1646	8321
461	1639	8327
462	1633	8333
463	1627	8340
464	1620	8346
465	1614	8352
466	1608	8359
467	1601	8365
468	1595	8371
469	1589	8377
470	1583	8383
471	1576	8390
472	1570	8396
473	1564	8402
474	1558	8408
475	1552	8414
476	1546	8420
477	1540	8426
478	1534	8432
479	1528	8438
480	1522	8444
481	1516	8450
482	1510	8456
483	1504	8462
484	1498	8468
485	1492	8473
486	1487	8479
487	1481	8485
488	1475	8491
489	1469	8496
490	1463	8502
491	1458	8508
492	1452	8514
493	1446	8519
494	1441	8525
495	1435	8530
496	1430	8536
497	1424	8542
498	1418	8547
499	1413	8553
500	1407	8558
501	1402	8564
502	1396	8569
503	1391	8575
504	1385	8580
505	1380	8585
506	1375	8591
507	1369	8596
508	1364	8601
509	1359	8607
510	1353	8612
511	1348	8617
512	1343	8622
513	1337	8628
514	1332	8633
515	1327	8638
516	1322	8643
517	1317	8648
518	1312	8653
519	1306	8659
520	1301	8664
521	1296	8669
522	1291	8674
523	1286	8679
524	1281	8684
525	1276	8689
526	1271	8694
527	1266	8699
528	1261	8704
529	1256	8709
530	1251	8713
531	1247	8718
532	1242	8723
533	1237	8728
534	1232	8733
535	1227	8738
536	1222	8742
537	1218	8747
538	1213	8752
539	1208	8757
540	1203	8761
541	1199	8766
542	1194	8771
543	1189	8775
544	1185	8780
545	1180	8785
546	1175	8789
547	1171	8794
548	1166	8798
549	1162	8803
550	1157	8807
551	1153	8812
552	1148	8816
553	1144	8821
554	1139	8825
555	1135	8830
556	1130	8834
557	1126	8838
558	1122	8843
559	1117	8847
560	1113	8852
561	1108	8856
562	1104	8860
563	1100	8864
564	1095	8869
565	1091	8873
566	1087	8877
567	1083	8881
568	1078	8886
569	1074	8890
570	1070	8894
571	1066	8898
572	1062	8902
573	1058	8907
574	1053	8911
575	1049	8915
576	1045	8919
577	1041	8923
578	1037	8927
579	1033	8931
580	1029	8935
581	1025	8939
582	1021	8943
583	1017	8947
584	1013	8951
585	1009	8955
586	1005	8959
587	1001	8963
588	997	8967
589	993	8970
590	989	8974
591	986	8978
592	982	8982
593	978	8986
594	974	8990
595	970	8993
596	967	8997
597	963	9001
598	959	9005
599	955	9008
600	952	9012
601	948	9016
602	944	9020
603	940	9023
604	937	9027
605	933	9031
606	929	9034
607	926	9038
608	922	9041
609	919	9045
610	915	9049
611	911	9052
612	908	9056
613	904	9059
614	901	9063
615	897	9066
616	894	9070
617	890	9073
618	887	9077
619	883	9080
620	880	9084
621	876	9087
622	873	9090
623	870	9094
624	866	9097
625	863	9100
626	859	9104
627	856	9107
628	853	9111
629	849	9114
630	846	9117
631	843	9120
632	840	9124
633	836	9127
634	833	9130
635	830	9133
636	826	9137
637	823	9140
638	820	9143
639	817	9146
640	814	9149
641	810	9153
642	807	9156
643	804	9159
644	801	9162
645	798	9165
646	795	9168
647	792	9171
648	789	9174
649	785	9178
650	782	9181
651	779	9184
652	776	9187
653	773	9190
654	770	9193
655	767	9196
656	764	9199
657	761	9202
658	758	9205
659	755	9208
660	752	9211
661	749	9213
662	747	9216
663	744	9219
664	741	9222
665	738	9225
666	735	9228
667	732	9231
668	729	9234
669	726	9236
670	723	9239
671	721	9242
672	718	9245
673	715	9248
674	712	9250
675	709	9253
676	707	9256
677	704	9259
678	701	9261
679	698	9264
680	696	9267
681	693	9270
682	690	9272
683	688	9275
684	685	9278
685	682	9280
686	680	9283
687	677	9286
688	674	9288
689	672	9291
690	669	9294
691	666	9296
692	664	9299
693	661	9301
694	659	9304
695	656	9306
696	653	9309
697	651	9312
698	648	9314
699	646	9317
700	643	9319
701	641	9322
702	638	9324
703	636	9327
704	633	9329
705	631	9332
706	628	9334
707	626	9336
708	624	9339
709	621	9341
710	619	9344
711	616	9346
712	614	9349
713	611	9351
714	609	9353
715	607	9356
716	604	9358
717	602	9360
718	600	9363
719	597	9365
720	595	9367
721	593	9370
722	590	9372
723	588	9374
724	586	9377
725	583	9379
726	581	9381
727	579	9383
728	577	9386
729	574	9388
730	572	9390
731	570	9392
732	568	9395
733	565	9397
734	563	9399
735	561	9401
736	559	9403
737	557	9406
738	554	9408
739	552	9410
740	550	9412
741	548	9414
742	546	9416
743	544	9418
744	542	9420
745	539	9423
746	537	9425
747	535	9427
748	533	9429
749	531	9431
750	529	9433
751	527	9435
752	525	9437
753	523	9439
754	521	9441
755	519	9443
756	517	9445
757	515	9447
758	513	9449
759	511	9451
760	509	9453
761	507	9455
762	505	9457
763	503	9459
764	501	9461
765	499	9463
766	497	9465
767	495	9467
768	493	9469
769	491	9471
770	489	9473
771	487	9475
772	485	9476
773	483	9478
774	482	9480
775	480	9482
776	478	9484
777	476	9486
778	474	9488
779	472	9490
780	470	9491
781	469	9493
782	467	9495
783	465	9497
784	463	9499
785	461	9500
786	459	9502
787	458	9504
788	456	9506
789	454	9508
790	452	9509
791	451	9511
792	449	9513
793	447	9515
794	445	9516
795	444	9518
796	442	9520
797	440	9522
798	438	9523
799	437	9525
800	435	9527
801	433	9528
802	432	9530
803	430	9532
804	428	9533
805	427	9535
806	425	9537
807	423	9538
808	422	9540
809	420	9542
810	418	9543
811	417	9545
812	415	9547
813	413	9548
814	412	9550
815	410	9551
816	409	9553
817	407	9555
818	405	9556
819	404	9558
820	402	9559
821	401	9561
822	399	9562
823	398	9564
824	396	9566
825	394	9567
826	393	9569
827	391	9570
828	390	9572
829	388	9573
830	387	9575
831	385	9576
832	384	9578
833	382	9579
834	381	9581
835	379	9582
836	378	9584
837	376	9585
838	375	9587
839	373	9588
840	372	9589
841	370	9591
842	369	9592
843	368	9594
844	366	9595
845	365	9597
846	363	9598
847	362	9599
848	360	9601
849	359	9602
850	358	9604
851	356	9605
852	355	9606
853	353	9608
854	352	9609
855	351	9611
856	349	9612
857	348	9613
858	347	9615
859	345	9616
860	344	9617
861	343	9619
862	341	9620
863	340	9621
864	339	9623
865	337	9624
866	336	9625
867	335	9627
868	333	9628
869	332	9629
870	331	9631
871	329	9632
872	328	9633
873	327	9634
874	326	9636
875	324	9637
876	323	9638
877	322	9639
878	321	9641
879	319	9642
880	318	9643
881	317	9644
882	316	9646
883	314	9647
884	313	9648
885	312	9649
886	311	9651
887	309	9652
888	308	9653
889	307	9654
890	306	9655
891	305	9657
892	303	9658
893	302	9659
894	301	9660
895	300	9661
896	299	9662
897	298	9664
898	296	9665
899	295	9666
900	294	9667
901	293	9668
902	292	9669
903	291	9670
904	290	9672
905	288	9673
906	287	9674
907	286	9675
908	285	9676
909	284	9677
910	283	9678
911	282	9679
912	281	9680
913	279	9682
914	278	9683
915	277	9684
916	276	9685
917	275	9686
918	274	9687
919	273	9688
920	272	9689
921	271	9690
922	270	9691
923	269	9692
924	268	9693
925	267	9694
926	266	9695
927	265	9696
928	264	9697
929	263	9698
930	261	9699
931	260	9700
932	259	9701
933	258	9702
934	257	9704
935	256	9705
936	255	9705
937	254	9706
938	253	9707
939	252	9708
940	251	9709
941	250	9710
942	250	9711
943	249	9712
944	248	9713
945	247	9714
946	246	9715
947	245	9716
948	244	9717
949	243	9718
950	242	9719
951	241	9720
952	240	9721
953	239	9722
954	238	9723
955	237	9724
956	236	9725
957	235	9726
958	234	9726
959	233	9727
960	233	9728
961	232	9729
962	231	9730
963	230	9731
964	229	9732
965	228	9733
966	227	9734
967	226	9735
968	225	9735
969	224	9736
970	224	9737
971	223	9738
972	222	9739
973	221	9740
974	220	9741
975	219	9742
976	218	9742
977	218	9743
978	217	9744
979	216	9745
980	215	9746
981	214	9747
982	213	9747
983	213	9748
984	212	9749
985	211	9750
986	210	9751
987	209	9752
988	208	9752
989	208	9753
990	207	9754
991	206	9755
992	205	9756
993	204	9756
994	204	9757
995	203	9758
996	202	9759
997	201	9760
998	200	9760
999	200	9761
1000	199	9762
1001	198	9763
1002	197	9763
1003	197	9764
1004	196	9765
1005	195	9766
1006	194	9766
1007	193	9767
1008	193	9768
1009	192	9769
1010	191	9769
1011	190	9770
1012	190	9771
1013	189	9772
1014	188	9772
1015	188	9773
1016	187	9774
1017	186	9775
1018	185	9775
1019	185	9776
1020	184	9777
1021	183	9778
1022	182	9778
1023	182	9779
1024	181	9780
1025	180	9780
1026	180	9781
1027	179	9782
1028	178	9782
1029	178	9783
1030	177	9784
1031	176	9785
1032	175	9785
1033	175	9786
1034	174	9787
1035	173	9787
1036	173	9788
1037	172	9789
1038	171	9789
1039	171	9790
1040	170	9791
1041	169	9791
1042	169	9792
1043	168	9793
1044	167	9793
1045	167	9794
1046	166	9795
1047	165	9795
1048	165	9796
1049	164	9796
1050	163	9797
1051	163	9798
1052	162	9798
1053	162	9799
1054	161	9800
1055	160	9800
1056	160	9801
1057	159	9801
1058	158	9802
1059	158	9803
1060	157	9803
1061	157	9804
1062	156	9805
1063	155	9805
1064	155	9806
1065	154	9806
1066	154	9807
1067	153	9808
1068	152	9808
1069	152	9809
1070	151	9809
1071	151	9810
1072	150	9811
1073	149	9811
1074	149	9812
1075	148	9812
1076	148	9813
1077	147	9813
1078	147	9814
1079	146	9815
1080	145	9815
1081	145	9816
1082	144	9816
1083	144	9817
1084	143	9817
1085	143	9818
1086	142	9818
1087	141	9819
1088	141	9820
1089	140	9820
1090	140	9821
1091	139	9821
1092	139	9822
1093	138	9822
1094	138	9823
1095	137	9823
1096	137	9824
1097	136	9824
1098	135	9825
1099	135	9826
1100	134	9826
1101	134	9827
1102	133	9827
1103	133	9828
1104	132	9828
1105	132	9829
1106	131	9829
1107	131	9830
1108	130	9830
1109	130	9831
1110	129	9831
1111	129	9832
1112	128	9832
1113	128	9833
1114	127	9833
1115	127	9834
1116	126	9834
1117	126	9835
1118	125	9835
1119	125	9836
1120	124	9836
1121	124	9837
1122	123	9837
1123	123	9838
1124	122	9838
1125	122	9839
1126	121	9839
1127	121	9839
1128	120	9840
1129	120	9840
1130	120	9841
1131	119	9841
1132	119	9842
1133	118	9842
1134	118	9843
1135	117	9843
1136	117	9844
1137	116	9844
1138	116	9845
1139	115	9845
1140	115	9845
1141	115	9846
1142	114	9846
1143	114	9847
1144	113	9847
1145	113	9848
1146	112	9848
1147	112	9849
1148	111	9849
1149	111	9849
1150	111	9850
1151	110	9850
1152	110	9851
1153	109	9851
1154	109	9852
1155	108	9852
1156	108	9852
1157	108	9853
1158	107	9853
1159	107	9854
1160	106	9854
1161	106	9854
1162	105	9855
1163	105	9855
1164	105	9856
1165	104	9856
1166	104	9857
1167	103	9857
1168	103	9857
1169	103	9858
1170	102	9858
1171	102	9859
1172	101	9859
1173	101	9859
1174	101	9860
1175	100	9860
1176	100	9860
1177	99	9861
1178	99	9861
1179	99	9862
1180	98	9862
1181	98	9862
1182	98	9863
1183	97	9863
1184	97	9864
1185	96	9864
1186	96	9864
1187	96	9865
1188	95	9865
1189	95	9865
1190	95	9866
1191	94	9866
1192	94	9867
1193	93	9867
1194	93	9867
1195	93	9868
1196	92	9868
1197	92	9868
1198	92	9869
1199	91	9869
1200	91	9869
1201	91	9870
1202	90	9870
1203	90	9870
1204	89	9871
1205	89	9871
1206	89	9871
1207	88	9872
1208	88	9872
1209	88	9873
1210	87	9873
1211	87	9873
1212	87	9874
1213	86	9874
1214	86	9874
1215	86	9875
1216	85	9875
1217	85	9875
1218	85	9876
1219	84	9876
1220	84	9876
1221	84	9877
1222	83	9877
1223	83	9877
1224	83	9878
1225	82	9878
1226	82	9878
1227	82	9878
1228	81	9879
1229	81	9879
1230	81	9879
1231	81	9880
1232	80	9880
1233	80	9880
1234	80	9881
1235	79	9881
1236	79	9881
1237	79	9882
1238	78	9882
1239	78	9882
1240	78	9883
1241	77	9883
1242	77	9883
1243	77	9883
1244	77	9884
1245	76	9884
1246	76	9884
1247	76	9885
1248	75	9885
1249	75	9885
1250	75	9885
1251	74	9886
1252	74	9886
1253	74	9886
1254	74	9887
1255	73	9887
1256	73	9887
1257	73	9887
1258	72	9888
1259	72	9888
1260	72	9888
1261	72	9889
1262	71	9889
1263	71	9889
1264	71	9889
1265	70	9890
1266	70	9890
1267	70	9890
1268	70	9891
1269	69	9891
1270	69	9891
1271	69	9891
1272	69	9892
1273	68	9892
1274	68	9892
1275	68	9892
1276	68	9893
1277	67	9893
1278	67	9893
1279	67	9893
1280	66	9894
1281	66	9894
1282	66	9894
1283	66	9895
1284	65	9895
1285	65	9895
1286	65	9895
1287	65	9896
1288	64	9896
1289	64	9896
1290	64	9896
1291	64	9897
1292	63	9897
1293	63	9897
1294	63	9897
1295	63	9898
1296	62	9898
1297	62	9898
1298	62	9898
1299	62	9898
1300	61	9899
1301	61	9899
1302	61	9899
1303	61	9899
1304	61	9900
1305	60	9900
1306	60	9900
1307	60	9900
1308	60	9901
1309	59	9901
1310	59	9901
1311	59	9901
1312	59	9902
1313	58	9902
1314	58	9902
1315	58	9902
1316	58	9902
1317	58	9903
1318	57	9903
1319	57	9903
1320	57	9903
1321	57	9904
1322	56	9904
1323	56	9904
1324	56	9904
1325	56	9904
1326	56	9905
1327	55	9905
1328	55	9905
1329	55	9905
1330	55	9905
1331	54	9906
1332	54	9906
1333	54	9906
1334	54	9906
1335	54	9907
1336	53	9907
1337	53	9907
1338	53	9907
1339	53	9907
1340	53	9908
1341	52	9908
1342	52	9908
1343	52	9908
1344	52	9908
1345	52	9909
1346	51	9909
1347	51	9909
1348	51	9909
1349	51	9909
1350	51	9910
1351	50	9910
1352	50	9910
1353	50	9910
1354	50	9910
1355	50	9911
1356	49	9911
1357	49	9911
1358	49	9911
1359	49	9911
1360	49	9912
1361	48	9912
1362	48	9912
1363	48	9912
1364	48	9912
1365	48	9912
1366	47	9913
1367	47	9913
1368	47	9913
1369	47	9913
1370	47	9913
1371	47	9914
1372	46	9914
1373	46	9914
1374	46	9914
1375	46	9914
1376	46	9914
1377	45	9915
1378	45	9915
1379	45	9915
1380	45	9915
1381	45	9915
1382	45	9916
1383	44	9916
1384	44	9916
1385	44	9916
1386	44	9916
1387	44	9916
1388	44	9917
1389	43	9917
1390	43	9917
1391	43	9917
1392	43	9917
1393	43	9917
1394	43	9918
1395	42	9918
1396	42	9918
1397	42	9918
1398	42	9918
1399	42	9918
1400	42	9919
1401	41	9919
1402	41	9919
1403	41	9919
1404	41	9919
1405	41	9919
1406	41	9920
1407	40	9920
1408	40	9920
1409	40	9920
1410	40	9920
1411	40	9920
1412	40	9920
1413	39	9921
1414	39	9921
1415	39	9921
1416	39	9921
1417	39	9921
1418	39	9921
1419	39	9922
1420	38	9922
1421	38	9922
1422	38	9922
1423	38	9922
1424	38	9922
1425	38	9922
1426	38	9923
1427	37	9923
1428	37	9923
1429	37	9923
1430	37	9923
1431	37	9923
1432	37	9923
1433	37	9924
1434	36	9924
1435	36	9924
1436	36	9924
1437	36	9924
1438	36	9924
1439	36	9924
1440	36	9925
1441	35	9925
1442	35	9925
1443	35	9925
1444	35	9925
1445	35	9925
1446	35	9925
1447	35	9926
1448	34	9926
1449	34	9926
1450	34	9926
1451	34	9926
1452	34	9926
1453	34	9926
1454	34	9926
1455	34	9927
1456	33	9927
1457	33	9927
1458	33	9927
1459	33	9927
1460	33	9927
1461	33	9927
1462	33	9927
1463	32	9928
1464	32	9928
1465	32	9928
1466	32	9928
1467	32	9928
1468	32	9928
1469	32	9928
1470	32	9928
1471	31	9929
1472	31	9929
1473	31	9929
1474	31	9929
1475	31	9929
1476	31	9929
1477	31	9929
1478	31	9929
1479	31	9930
1480	30	9930
1481	30	9930
1482	30	9930
1483	30	9930
1484	30	9930
1485	30	9930
1486	30	9930
1487	30	9930
1488	29	9931
1489	29	9931
1490	29	9931
1491	29	9931
1492	29	9931
1493	29	9931
1494	29	9931
1495	29	9931
1496	29	9932
1497	28	9932
1498	28	9932
1499	28	9932
